0 1 15
0 1 27
0 1 37
0 1 41
0 1 57
0 1 65
0 1 71
0 1 83
0 1 88
0 1 94
0 1 105
0 1 106
0 1 126
0 1 133
0 1 140
0 1 145
0 1 166
0 1 168
0 1 173
0 1 195
0 1 226
0 1 231
0 1 239
0 1 257
0 1 260
0 1 263
0 1 266
0 1 267
0 1 280
0 1 298
0 1 323
0 1 324
0 1 327
0 1 335
0 1 337
0 1 338
0 1 347
0 1 351
0 1 353
0 1 360
0 1 371
0 1 380
0 1 383
0 1 399
0 1 421
0 1 435
0 1 446
0 1 447
0 1 460
0 1 466
0 1 472
0 1 485
0 1 486
0 1 494
0 1 508
0 1 516
0 1 550
0 1 561
0 1 564
0 1 566
0 1 568
0 1 574
0 1 589
0 1 596
0 1 607
0 1 617
0 1 619
0 1 622
0 1 626
0 1 637
0 1 675
0 1 684
0 1 698
0 1 699
0 1 701
0 1 706
0 1 712
0 1 713
0 1 725
0 1 731
0 1 742
0 1 747
0 1 749
0 1 758
0 1 781
0 1 786
0 1 800
0 1 809
0 1 818
0 1 822
0 1 824
0 1 828
0 1 832
0 1 851
0 1 855
0 1 862
0 1 885
0 1 913
0 1 921
0 1 925
0 1 926
0 1 930
0 1 935
0 1 938
0 1 958
0 1 963
0 1 968
0 1 990
0 1 993
0 1 1007
0 1 1012
0 1 1014
0 1 1020
0 1 1024
0 1 1025
0 1 1032
0 1 1041
0 1 1077
0 1 1078
0 1 1079
0 1 1086
0 1 1106
0 1 1114
0 1 1129
0 1 1133
0 1 1140
0 1 1144
0 1 1145
0 1 1148
0 1 1166
0 1 1169
0 1 1173
0 1 1174
0 1 1179
0 1 1191
0 1 1228
0 1 1234
0 1 1243
0 1 1251
0 1 1287
0 1 1289
0 1 1299
0 1 1302
0 1 1314
0 1 1326
0 1 1331
0 1 1333
0 1 1349
0 1 1352
0 1 1361
0 1 1363
0 1 1384
0 1 1386
0 1 1394
0 1 1418
0 1 1442
0 1 1459
0 1 1474
0 1 1476
0 1 1478
0 1 1484
0 1 1509
0 1 1520
0 1 1524
0 1 1538
0 1 1544
0 1 1556
0 1 1565
0 1 1579
0 1 1588
0 1 1631
0 1 1633
0 1 1669
0 1 1674
0 1 1677
0 1 1697
0 1 1718
0 1 1757
0 1 1761
0 1 1763
0 1 1768
0 1 1791
0 1 1792
0 1 1816
0 1 1824
0 1 1835
0 1 1841
0 1 1845
0 1 1859
0 1 1863
0 1 1869
0 1 1873
0 1 1881
0 1 1883
0 1 1901
0 1 1916
0 1 1919
0 1 1941
0 1 1955
0 1 1958
0 1 1961
0 1 1976
0 1 1983
0 1 2002
0 1 2003
0 1 2020
0 1 2028
0 1 2031
0 1 2033
0 1 2045
0 1 2047
0 1 2051
0 1 2075
0 1 2082
0 1 2090
0 1 2122
0 1 2124
0 1 2134
0 1 2141
0 1 2142
0 1 2147
0 1 2148
0 1 2155
0 1 2161
0 1 2166
0 1 2171
0 1 2173
0 1 2187
0 1 2190
0 1 2198
0 1 2237
0 1 2238
0 1 2239
0 1 2248
0 1 2253
0 1 2259
0 1 2263
0 1 2265
0 1 2275
0 1 2290
0 1 2296
0 1 2297
0 1 2298
0 1 2347
0 1 2355
0 1 2375
0 1 2396
0 1 2398
0 1 2399
0 1 2423
0 1 2437
0 1 2459
0 1 2469
0 1 2487
0 1 2495
0 1 2497
0 1 2507
0 1 2525
0 1 2528
0 1 2532
0 1 2544
0 1 2545
0 1 2546
0 1 2547
0 1 2548
0 1 2551
0 1 2563
0 1 2590
0 1 2599
0 1 2611
0 1 2615
0 1 2640
0 1 2658
0 1 2668
0 1 2673
0 1 2676
0 1 2696
0 1 2727
0 1 2734
0 1 2739
0 1 2753
0 1 2792
0 1 2795
0 1 2796
0 1 2822
0 1 2837
0 1 2882
0 1 2884
0 1 2885
0 1 2889
0 1 2895
0 1 2908
0 1 2920
0 1 2946
0 1 2949
0 1 2959
0 1 2973
0 1 2977
0 1 2979
0 1 2980
0 1 2995
0 1 3004
0 1 3016
0 1 3025
0 1 3094
0 1 3108
0 1 3125
0 1 3134
0 1 3138
0 1 3171
0 1 3180
0 1 3193
0 1 3202
0 1 3206
0 1 3207
0 1 3213
0 1 3239
0 1 3266
0 1 3281
0 1 3302
0 1 3304
0 1 3306
0 1 3311
0 1 3318
0 1 3325
0 1 3333
0 1 3358
0 1 3365
0 1 3367
0 1 3389
0 1 3391
0 1 3398
0 1 3412
0 1 3413
0 1 3418
0 1 3433
0 1 3440
0 1 3443
0 1 3457
0 1 3467
0 1 3480
0 1 3499
0 1 3500
0 1 3523
0 1 3530
0 1 3531
0 1 3538
0 1 3567
0 1 3568
0 1 3574
0 1 3579
0 1 3582
0 1 3584
0 1 3589
0 1 3605
0 1 3607
0 1 3616
0 1 3618
0 1 3627
0 1 3630
0 1 3670
0 1 3671
0 1 3681
0 1 3682
0 1 3690
0 1 3700
0 1 3723
0 1 3725
0 1 3730
0 1 3746
0 1 3757
0 1 3783
0 1 3788
0 1 3799
0 1 3814
0 1 3820
0 1 3824
0 1 3827
0 1 3837
0 1 3846
0 1 3847
0 1 3851
0 1 3889
0 1 3897
0 1 3898
0 1 3903
0 1 3909
0 1 3912
0 1 3927
0 1 3930
0 1 3934
0 1 3943
0 1 3944
0 1 3949
0 1 3950
0 1 3979
0 1 3994
0 1 4006
0 1 4014
0 1 4017
0 1 4020
0 1 4035
0 1 4044
0 1 4051
0 1 4063
0 1 4067
0 1 4071
0 1 4107
0 1 4111
0 1 4125
0 1 4136
0 1 4138
0 1 4141
0 1 4143
0 1 4145
0 1 4146
0 1 4149
0 1 4183
0 1 4194
0 1 4198
0 1 4204
0 1 4208
0 1 4210
0 1 4212
0 1 4251
0 1 4256
0 1 4259
0 1 4264
0 1 4270
0 1 4305
0 1 4315
0 1 4318
0 1 4331
0 1 4358
0 1 4379
0 1 4381
0 1 4387
0 1 4397
0 1 4412
0 1 4437
0 1 4451
0 1 4461
0 1 4470
0 1 4474
0 1 4509
0 1 4513
0 1 4525
0 1 4527
0 1 4536
0 1 4538
0 1 4540
0 1 4550
0 1 4551
0 1 4554
0 1 4566
0 1 4570
0 1 4574
0 1 4581
0 1 4619
0 1 4630
0 1 4656
0 1 4657
0 1 4658
0 1 4659
0 1 4664
0 1 4670
0 1 4674
0 1 4680
0 1 4683
0 1 4684
0 1 4703
0 1 4706
0 1 4710
0 1 4739
0 1 4742
0 1 4743
0 1 4765
0 1 4792
0 1 4797
0 1 4798
0 1 4802
0 1 4833
0 1 4842
0 1 4849
0 1 4864
0 1 4886
0 1 4903
0 1 4909
0 1 4910
0 1 4911
0 1 4943
0 1 4951
0 1 4953
0 1 4955
0 1 4964
0 1 4969
0 1 4970
0 1 4973
0 1 4983
0 1 4984
0 1 5013
0 1 5015
0 1 5034
0 1 5044
0 1 5045
0 1 5054
0 1 5056
0 1 5057
0 1 5060
0 1 5061
0 1 5098
0 1 5099
0 1 5112
0 1 5114
0 1 5115
0 1 5120
0 1 5122
0 1 5128
0 1 5140
0 1 5149
0 1 5151
0 1 5153
0 1 5154
0 1 5155
0 1 5172
0 1 5180
0 1 5191
0 1 5195
0 1 5196
0 1 5226
0 1 5238
0 1 5241
0 1 5244
0 1 5264
0 1 5273
0 1 5276
0 1 5306
0 1 5308
0 1 5324
0 1 5336
0 1 5337
0 1 5366
0 1 5374
0 1 5387
0 1 5400
0 1 5433
0 1 5437
0 1 5442
0 1 5465
0 1 5468
0 1 5472
0 1 5495
0 1 5528
0 1 5531
0 1 5575
0 1 5576
0 1 5581
0 1 5585
0 1 5599
0 1 5602
0 1 5603
0 1 5654
0 1 5665
0 1 5673
0 1 5678
0 1 5686
0 1 5688
0 1 5690
0 1 5700
0 1 5728
0 1 5729
0 1 5754
0 1 5758
0 1 5759
0 1 5773
0 1 5776
0 1 5779
0 1 5785
0 1 5786
0 1 5787
0 1 5800
0 1 5818
0 1 5840
0 1 5848
0 1 5861
0 1 5895
0 1 5906
0 1 5926
0 1 5938
0 1 5964
0 1 5965
0 1 5971
0 1 5973
0 1 5997
0 1 5999
0 1 6020
0 1 6022
0 1 6025
0 1 6029
0 1 6035
0 1 6044
0 1 6050
0 1 6058
0 1 6072
0 1 6082
0 1 6083
0 1 6118
0 1 6156
0 1 6167
0 1 6174
0 1 6182
0 1 6187
0 1 6194
0 1 6195
0 1 6216
0 1 6217
0 1 6218
0 1 6232
0 1 6246
0 1 6247
0 1 6252
0 1 6255
0 1 6257
0 1 6279
0 1 6298
0 1 6303
0 1 6309
0 1 6320
0 1 6333
0 1 6341
0 1 6345
0 1 6350
0 1 6379
0 1 6382
0 1 6394
0 1 6404
0 1 6408
0 1 6417
0 1 6421
0 1 6432
0 1 6440
0 1 6443
0 1 6445
0 1 6460
0 1 6466
0 1 6481
0 1 6487
0 1 6493
0 1 6509
0 1 6522
0 1 6552
0 1 6556
0 1 6558
0 1 6564
0 1 6568
0 1 6581
0 1 6587
0 1 6593
0 1 6601
0 1 6612
0 1 6648
0 1 6654
0 1 6661
0 1 6670
0 1 6714
0 1 6729
0 1 6731
0 1 6764
0 1 6814
0 1 6815
0 1 6818
0 1 6829
0 1 6837
0 1 6838
0 1 6847
0 1 6848
0 1 6863
0 1 6865
0 1 6868
0 1 6901
0 1 6922
0 1 6933
0 1 6936
0 1 6954
0 1 6968
0 1 6973
0 1 6977
0 1 6995
0 1 7008
0 1 7009
0 1 7025
0 1 7044
0 1 7045
0 1 7060
0 1 7064
0 1 7068
0 1 7070
0 1 7080
0 1 7082
0 1 7085
0 1 7099
0 1 7103
0 1 7104
0 1 7112
0 1 7116
0 1 7118
0 1 7136
0 1 7145
0 1 7148
0 1 7163
0 1 7165
0 1 7169
0 1 7172
0 1 7198
0 1 7203
0 1 7206
0 1 7209
0 1 7210
0 1 7226
0 1 7283
0 1 7314
0 1 7347
0 1 7352
0 1 7362
0 1 7369
0 1 7378
0 1 7379
0 1 7403
0 1 7408
0 1 7438
0 1 7453
0 1 7472
0 1 7481
0 1 7495
0 1 7502
0 1 7516
0 1 7520
0 1 7527
0 1 7531
0 1 7534
0 1 7540
0 1 7543
0 1 7555
0 1 7562
0 1 7566
0 1 7571
0 1 7575
0 1 7585
0 1 7602
0 1 7607
0 1 7610
0 1 7624
0 1 7638
0 1 7639
0 1 7649
0 1 7677
0 1 7685
0 1 7714
0 1 7715
0 1 7719
0 1 7732
0 1 7741
0 1 7743
0 1 7747
0 1 7771
0 1 7781
0 1 7796
0 1 7807
0 1 7815
0 1 7817
0 1 7824
0 1 7826
0 1 7829
0 1 7835
0 1 7837
0 1 7839
0 1 7852
0 1 7865
0 1 7867
0 1 7877
0 1 7884
0 1 7891
0 1 7898
0 1 7900
0 1 7905
0 1 7919
0 1 7922
0 1 7930
0 1 7940
0 1 7952
0 1 7961
0 1 7962
0 1 7963
0 1 7970
0 1 7981
0 1 7982
0 1 7985
0 1 7988
0 1 7999
0 1 8011
0 1 8035
0 1 8046
0 1 8056
0 1 8058
0 1 8061
0 1 8064
0 1 8087
0 1 8094
0 1 8098
0 1 8125
0 1 8133
0 1 8140
0 1 8144
0 1 8213
0 1 8223
0 1 8227
0 1 8235
0 1 8241
0 1 8245
0 1 8256
0 1 8257
0 1 8281
0 1 8284
0 1 8298
0 1 8329
0 1 8350
0 1 8354
0 1 8378
0 1 8383
0 1 8391
0 1 8392
0 1 8404
0 1 8415
0 1 8419
0 1 8437
0 1 8439
0 1 8457
0 1 8466
0 1 8502
0 1 8505
0 1 8510
0 1 8526
0 1 8528
0 1 8536
0 1 8537
0 1 8539
0 1 8553
0 1 8561
0 1 8566
0 1 8574
0 1 8580
0 1 8589
0 1 8590
0 1 8592
0 1 8593
0 1 8595
0 1 8616
0 1 8629
0 1 8638
0 1 8652
0 1 8662
0 1 8679
0 1 8705
0 1 8716
0 1 8728
0 1 8732
0 1 8743
0 1 8746
0 1 8754
0 1 8757
0 1 8768
0 1 8774
0 1 8780
0 1 8786
0 1 8793
0 1 8794
0 1 8802
0 1 8806
0 1 8808
0 1 8815
0 1 8823
0 1 8828
0 1 8840
0 1 8847
0 1 8868
0 1 8872
0 1 8884
0 1 8896
0 1 8903
0 1 8913
0 1 8914
0 1 8917
0 1 8925
0 1 8934
0 1 8947
0 1 8948
0 1 8952
0 1 8972
0 1 8977
0 1 8980
0 1 9002
0 1 9014
0 1 9018
0 1 9050
0 1 9054
0 1 9057
0 1 9073
0 1 9076
0 1 9077
0 1 9094
0 1 9106
0 1 9114
0 1 9116
0 1 9118
0 1 9120
0 1 9121
0 1 9133
0 1 9143
0 1 9147
0 1 9150
0 1 9177
0 1 9180
0 1 9182
0 1 9189
0 1 9201
0 1 9211
0 1 9215
0 1 9216
0 1 9227
0 1 9236
0 1 9237
0 1 9246
0 1 9251
0 1 9272
0 1 9281
0 1 9283
0 1 9303
0 1 9313
0 1 9329
0 1 9342
0 1 9345
0 1 9352
0 1 9359
0 1 9364
0 1 9365
0 1 9383
0 1 9387
0 1 9398
0 1 9401
0 1 9411
0 1 9420
0 1 9421
0 1 9422
0 1 9428
0 1 9432
0 1 9437
0 1 9446
0 1 9456
0 1 9462
0 1 9467
0 1 9474
0 1 9486
0 1 9489
0 1 9491
0 1 9492
0 1 9519
0 1 9542
0 1 9547
0 1 9563
0 1 9587
0 1 9594
0 1 9600
0 1 9603
0 1 9604
0 1 9608
0 1 9630
0 1 9644
0 1 9645
0 1 9670
0 1 9672
0 1 9674
0 1 9683
0 1 9685
0 1 9686
0 1 9690
0 1 9693
0 1 9729
0 1 9742
0 1 9744
0 1 9746
0 1 9765
0 1 9772
0 1 9773
0 1 9777
0 1 9796
0 1 9804
0 1 9808
0 1 9815
0 1 9817
0 1 9819
0 1 9822
0 1 9830
0 1 9832
0 1 9837
0 1 9841
0 1 9843
0 1 9848
0 1 9858
0 1 9869
0 1 9878
0 1 9880
0 1 9892
0 1 9910
0 1 9919
0 1 9920
0 1 9925
0 1 9955
0 1 9965
0 1 9967
0 1 9978
0 1 9983
0 1 9986
0 1 9989
0 1 10033
0 1 10035
0 1 10045
0 1 10055
0 1 10059
0 1 10067
0 1 10070
0 1 10071
0 1 10079
0 1 10082
0 1 10110
0 1 10134
0 1 10148
0 1 10184
0 1 10185
0 1 10200
0 1 10204
0 1 10220
0 1 10239
0 1 10245
0 1 10250
0 1 10251
0 1 10252
0 1 10257
0 1 10266
0 1 10301
0 1 10331
0 1 10333
0 1 10334
0 1 10344
0 1 10346
0 1 10358
0 1 10372
0 1 10374
0 1 10376
0 1 10388
0 1 10400
0 1 10408
0 1 10412
0 1 10420
0 1 10433
0 1 10442
0 1 10449
0 1 10452
0 1 10453
0 1 10462
0 1 10476
0 1 10478
0 1 10480
0 1 10493
0 1 10513
0 1 10516
0 1 10525
0 1 10526
0 1 10544
0 1 10548
0 1 10549
0 1 10560
0 1 10566
0 1 10573
0 1 10581
0 1 10586
0 1 10595
0 1 10605
0 1 10606
0 1 10611
0 1 10639
0 1 10644
0 1 10649
0 1 10651
0 1 10689
0 1 10694
0 1 10695
0 1 10696
0 1 10721
0 1 10731
0 1 10736
0 1 10740
0 1 10743
0 1 10745
0 1 10757
0 1 10777
0 1 10806
0 1 10837
0 1 10839
0 1 10853
0 1 10879
0 1 10953
0 1 10967
0 1 10978
0 1 10986
0 1 10990
0 1 10992
0 1 10995
0 1 11033
0 1 11045
0 1 11046
0 1 11071
0 1 11082
0 1 11087
0 1 11093
0 1 11097
0 1 11112
0 1 11138
0 1 11141
0 1 11145
0 1 11148
0 1 11151
0 1 11163
0 1 11172
0 1 11175
0 1 11185
0 1 11197
0 1 11204
0 1 11215
0 1 11222
0 1 11231
0 1 11239
0 1 11252
0 1 11256
0 1 11266
0 1 11274
0 1 11302
0 1 11328
0 1 11336
0 1 11389
0 1 11395
0 1 11414
0 1 11437
0 1 11457
0 1 11460
0 1 11465
0 1 11487
0 1 11488
0 1 11497
0 1 11505
0 1 11513
0 1 11523
0 1 11524
0 1 11540
0 1 11544
0 1 11545
0 1 11552
0 1 11561
0 1 11564
0 1 11582
0 1 11587
0 1 11608
0 1 11627
0 1 11716
0 1 11729
0 1 11752
0 1 11757
0 1 11758
0 1 11770
0 1 11774
0 1 11782
0 1 11783
0 1 11784
0 1 11789
0 1 11792
0 1 11821
0 1 11838
0 1 11847
0 1 11848
0 1 11860
0 1 11866
0 1 11881
0 1 11903
0 1 11908
0 1 11912
0 1 11933
0 1 11935
0 1 11941
0 1 11957
0 1 11963
0 1 11968
0 1 11969
0 1 11973
0 1 11979
0 1 11981
0 1 11982
0 1 11997
0 1 12002
0 1 12016
0 1 12055
0 1 12083
0 1 12093
0 1 12097
0 1 12126
0 1 12145
0 1 12147
0 1 12157
0 1 12173
0 1 12195
0 1 12197
0 1 12207
0 1 12220
0 1 12234
0 1 12238
0 1 12272
0 1 12278
0 1 12300
0 1 12312
0 1 12329
0 1 12330
0 1 12343
0 1 12345
0 1 12349
0 1 12357
0 1 12361
0 1 12385
0 1 12398
0 1 12425
0 1 12438
0 1 12445
0 1 12467
0 1 12477
0 1 12479
0 1 12499
0 1 12516
0 1 12529
0 1 12532
0 1 12539
0 1 12540
0 1 12547
0 1 12556
0 1 12591
0 1 12596
0 1 12597
0 1 12609
0 1 12614
0 1 12623
0 1 12625
0 1 12630
0 1 12634
0 1 12642
0 1 12646
0 1 12647
0 1 12664
0 1 12668
0 1 12674
0 1 12679
0 1 12680
0 1 12689
0 1 12717
0 1 12733
0 1 12776
0 1 12795
0 1 12814
0 1 12819
0 1 12836
0 1 12847
0 1 12849
0 1 12853
0 1 12870
0 1 12871
0 1 12876
0 1 12881
0 1 12888
0 1 12913
0 1 12919
0 1 12921
0 1 12924
0 1 12925
0 1 12930
0 1 12931
0 1 12932
0 1 12948
0 1 12976
0 1 12979
0 1 13013
0 1 13017
0 1 13024
0 1 13043
0 1 13075
0 1 13081
0 1 13099
0 1 13116
0 1 13118
0 1 13123
0 1 13132
0 1 13137
0 1 13139
0 1 13140
0 1 13148
0 1 13183
0 1 13204
0 1 13212
0 1 13221
0 1 13227
0 1 13256
0 1 13269
0 1 13275
0 1 13289
0 1 13313
0 1 13328
0 1 13336
0 1 13351
0 1 13353
0 1 13373
0 1 13374
0 1 13377
0 1 13394
0 1 13395
0 1 13413
0 1 13417
0 1 13418
0 1 13428
0 1 13448
0 1 13452
0 1 13455
0 1 13475
0 1 13477
0 1 13479
0 1 13484
0 1 13507
0 1 13513
0 1 13519
0 1 13520
0 1 13537
0 1 13541
0 1 13548
0 1 13549
0 1 13563
0 1 13587
0 1 13589
0 1 13591
0 1 13594
0 1 13597
0 1 13601
0 1 13618
0 1 13630
0 1 13634
0 1 13639
0 1 13650
0 1 13652
0 1 13662
0 1 13670
0 1 13673
0 1 13678
0 1 13684
0 1 13696
0 1 13710
0 1 13718
0 1 13728
0 1 13737
0 1 13754
0 1 13758
0 1 13771
0 1 13788
0 1 13796
0 1 13803
0 1 13817
0 1 13826
0 1 13829
0 1 13844
0 1 13851
0 1 13859
0 1 13866
0 1 13877
0 1 13894
0 1 13901
0 1 13907
0 1 13913
0 1 13914
0 1 13924
0 1 13927
0 1 13931
0 1 13935
0 1 13944
0 1 13949
0 1 13956
0 1 13957
0 1 13979
0 1 14002
0 1 14007
0 1 14020
0 1 14045
0 1 14055
0 1 14064
0 1 14074
0 1 14088
0 1 14094
0 1 14114
0 1 14135
0 1 14156
0 1 14159
0 1 14165
0 1 14177
0 1 14183
0 1 14191
0 1 14206
0 1 14222
0 1 14228
0 1 14231
0 1 14245
0 1 14266
0 1 14267
0 1 14279
0 1 14320
0 1 14324
0 1 14348
0 1 14350
0 1 14351
0 1 14366
0 1 14370
0 1 14385
0 1 14388
0 1 14406
0 1 14430
0 1 14432
0 1 14435
0 1 14437
0 1 14460
0 1 14475
0 1 14476
0 1 14477
0 1 14480
0 1 14505
0 1 14507
0 1 14512
0 1 14527
0 1 14546
0 1 14547
0 1 14598
0 1 14606
0 1 14620
0 1 14633
0 1 14646
0 1 14650
0 1 14652
0 1 14654
0 1 14674
0 1 14683
0 1 14708
0 1 14709
0 1 14724
0 1 14748
0 1 14750
0 1 14755
0 1 14768
0 1 14796
0 1 14798
0 1 14825
0 1 14856
0 1 14896
0 1 14901
0 1 14912
0 1 14929
0 1 14933
0 1 14934
0 1 14944
0 1 14949
0 1 14961
0 1 14969
0 1 14972
0 1 14983
0 1 15004
0 1 15016
0 1 15023
0 1 15025
0 1 15026
0 1 15041
0 1 15047
0 1 15048
0 1 15055
0 1 15078
0 1 15081
0 1 15085
0 1 15090
0 1 15098
0 1 15121
0 1 15132
0 1 15154
0 1 15155
0 1 15156
0 1 15159
0 1 15162
0 1 15169
0 1 15171
0 1 15172
0 1 15186
0 1 15202
0 1 15207
0 1 15209
0 1 15210
0 1 15222
0 1 15245
0 1 15252
0 1 15270
0 1 15271
0 1 15279
0 1 15283
0 1 15286
0 1 15287
0 1 15309
0 1 15310
0 1 15313
0 1 15318
0 1 15333
0 1 15334
0 1 15341
0 1 15348
0 1 15358
0 1 15365
0 1 15386
0 1 15392
0 1 15397
0 1 15404
0 1 15432
0 1 15447
0 1 15473
0 1 15480
0 1 15486
0 1 15490
0 1 15509
0 1 15523
0 1 15539
0 1 15550
0 1 15555
0 1 15562
0 1 15568
0 1 15574
0 1 15585
0 1 15612
0 1 15621
0 1 15623
0 1 15628
0 1 15668
0 1 15695
0 1 15736
0 1 15752
0 1 15754
0 1 15763
0 1 15785
0 1 15800
0 1 15808
0 1 15815
0 1 15817
0 1 15833
0 1 15848
0 1 15852
0 1 15853
0 1 15860
0 1 15862
0 1 15868
0 1 15874
0 1 15876
0 1 15879
0 1 15881
0 1 15883
0 1 15886
0 1 15899
0 1 15905
0 1 15917
0 1 15933
0 1 15944
0 1 15977
0 1 15979
0 1 15983
0 1 15994
0 1 16010
0 1 16018
0 1 16022
0 1 16027
0 1 16030
0 1 16036
0 1 16057
0 1 16072
0 1 16086
0 1 16108
0 1 16128
0 1 16132
0 1 16134
0 1 16137
0 1 16142
0 1 16145
0 1 16166
0 1 16173
0 1 16203
0 1 16219
0 1 16220
0 1 16232
0 1 16235
0 1 16239
0 1 16240
0 1 16246
0 1 16259
0 1 16277
0 1 16283
0 1 16287
0 1 16300
0 1 16304
0 1 16325
0 1 16333
0 1 16343
0 1 16352
0 1 16356
0 1 16373
0 1 16374
0 1 16384
0 1 16405
0 1 16411
0 1 16423
0 1 16433
0 1 16461
0 1 16473
0 1 16474
0 1 16475
0 1 16477
0 1 16478
0 1 16495
0 1 16500
0 1 16512
0 1 16517
0 1 16522
0 1 16534
0 1 16536
0 1 16553
0 1 16561
0 1 16564
0 1 16566
0 1 16570
0 1 16571
0 1 16578
0 1 16579
0 1 16587
0 1 16591
0 1 16606
0 1 16617
0 1 16623
0 1 16625
0 1 16650
0 1 16651
0 1 16660
0 1 16674
0 1 16675
0 1 16677
0 1 16700
0 1 16714
0 1 16731
0 1 16733
0 1 16734
0 1 16738
0 1 16740
0 1 16761
0 1 16763
0 1 16767
0 1 16788
0 1 16812
0 1 16826
0 1 16827
0 1 16833
0 1 16841
0 1 16844
0 1 16845
0 1 16849
0 1 16862
0 1 16892
0 1 16894
0 1 16900
0 1 16902
0 1 16903
0 1 16913
0 1 16930
0 1 16971
0 1 16975
0 1 16996
0 1 17026
0 1 17030
0 1 17034
0 1 17037
0 1 17049
0 1 17051
0 1 17091
0 1 17097
0 1 17105
0 1 17119
0 1 17120
0 1 17121
0 1 17131
0 1 17153
0 1 17165
0 1 17174
0 1 17214
0 1 17218
0 1 17224
0 1 17248
0 1 17250
0 1 17258
0 1 17270
0 1 17286
0 1 17300
0 1 17306
0 1 17314
0 1 17321
0 1 17325
0 1 17327
0 1 17329
0 1 17334
0 1 17352
0 1 17353
0 1 17371
0 1 17382
0 1 17390
0 1 17394
0 1 17406
0 1 17410
0 1 17416
0 1 17420
0 1 17421
0 1 17433
0 1 17435
0 1 17439
0 1 17443
0 1 17451
0 1 17453
0 1 17456
0 1 17458
0 1 17469
0 1 17495
0 1 17506
0 1 17529
0 1 17539
0 1 17540
0 1 17549
0 1 17557
0 1 17564
0 1 17598
0 1 17607
0 1 17608
0 1 17611
0 1 17614
0 1 17629
0 1 17633
0 1 17648
0 1 17658
0 1 17660
0 1 17664
0 1 17665
0 1 17670
0 1 17678
0 1 17705
0 1 17727
0 1 17753
0 1 17754
0 1 17763
0 1 17773
0 1 17778
0 1 17790
0 1 17795
0 1 17800
0 1 17801
0 1 17807
0 1 17817
0 1 17823
0 1 17827
0 1 17831
0 1 17833
0 1 17842
0 1 17847
0 1 17853
0 1 17881
0 1 17895
0 1 17901
0 1 17903
0 1 17908
0 1 17909
0 1 17918
0 1 17928
0 1 17945
0 1 17954
0 1 17968
0 1 17977
0 1 17983
0 1 17990
0 1 17993
0 1 18002
0 1 18020
0 1 18032
0 1 18040
0 1 18042
0 1 18043
0 1 18066
0 1 18079
0 1 18090
0 1 18105
0 1 18117
0 1 18134
0 1 18140
0 1 18152
0 1 18169
0 1 18190
0 1 18222
0 1 18257
0 1 18263
0 1 18272
0 1 18278
0 1 18284
0 1 18300
0 1 18311
0 1 18321
0 1 18349
0 1 18351
0 1 18355
0 1 18379
0 1 18387
0 1 18388
0 1 18391
0 1 18392
0 1 18402
0 1 18407
0 1 18410
0 1 18415
0 1 18420
0 1 18424
0 1 18445
0 1 18452
0 1 18453
0 1 18455
0 1 18468
0 1 18481
0 1 18505
0 1 18515
0 1 18522
0 1 18548
0 1 18567
0 1 18626
0 1 18663
0 1 18665
0 1 18674
0 1 18677
0 1 18685
0 1 18694
0 1 18711
0 1 18712
0 1 18715
0 1 18730
0 1 18731
0 1 18741
0 1 18750
0 1 18753
0 1 18754
0 1 18760
0 1 18772
0 1 18789
0 1 18792
0 1 18799
0 1 18805
0 1 18806
0 1 18812
0 1 18815
0 1 18820
0 1 18824
0 1 18827
0 1 18839
0 1 18848
0 1 18865
0 1 18871
0 1 18887
0 1 18907
0 1 18915
0 1 18919
0 1 18927
0 1 18935
0 1 18937
0 1 18944
0 1 18960
0 1 18970
0 1 18976
0 1 18982
0 1 18984
0 1 19002
0 1 19008
0 1 19013
0 1 19031
0 1 19043
0 1 19056
0 1 19108
0 1 19109
0 1 19121
0 1 19124
0 1 19126
0 1 19130
0 1 19149
0 1 19181
0 1 19182
0 1 19188
0 1 19205
0 1 19209
0 1 19223
0 1 19236
0 1 19241
0 1 19247
0 1 19252
0 1 19254
0 1 19264
0 1 19269
0 1 19281
0 1 19284
0 1 19309
0 1 19315
0 1 19327
0 1 19335
0 1 19338
0 1 19346
0 1 19349
0 1 19375
0 1 19390
0 1 19392
0 1 19408
0 1 19427
0 1 19441
0 1 19466
0 1 19469
0 1 19472
0 1 19494
0 1 19496
0 1 19500
0 1 19503
0 1 19506
0 1 19520
0 1 19534
0 1 19544
0 1 19547
0 1 19573
0 1 19578
0 1 19586
0 1 19592
0 1 19605
0 1 19642
0 1 19647
0 1 19658
0 1 19659
0 1 19663
0 1 19701
0 1 19702
0 1 19704
0 1 19707
0 1 19716
0 1 19721
0 1 19740
0 1 19749
0 1 19755
0 1 19774
0 1 19776
0 1 19778
0 1 19779
0 1 19787
0 1 19805
0 1 19812
0 1 19844
0 1 19850
0 1 19868
0 1 19875
0 1 19879
0 1 19887
0 1 19892
0 1 19898
0 1 19910
0 1 19951
0 1 19953
0 1 19955
0 1 19956
0 1 19993
0 1 19998
0 1 20000
0 1 20007
0 1 20023
0 1 20031
0 1 20040
0 1 20054
0 1 20081
0 1 20095
0 1 20100
0 1 20104
0 1 20110
0 1 20129
0 1 20137
0 1 20142
0 1 20147
0 1 20156
0 1 20157
0 1 20161
0 1 20165
0 1 20174
0 1 20178
0 1 20181
0 1 20185
0 1 20189
0 1 20201
0 1 20214
0 1 20241
0 1 20243
0 1 20247
0 1 20278
0 1 20287
0 1 20292
0 1 20305
0 1 20323
0 1 20331
0 1 20334
0 1 20335
0 1 20337
0 1 20338
0 1 20339
0 1 20341
0 1 20349
0 1 20383
0 1 20386
0 1 20397
0 1 20400
0 1 20412
0 1 20414
0 1 20435
0 1 20450
0 1 20469
0 1 20473
0 1 20475
0 1 20492
0 1 20496
0 1 20524
0 1 20553
0 1 20563
0 1 20564
0 1 20581
0 1 20584
0 1 20587
0 1 20595
0 1 20596
0 1 20630
0 1 20634
0 1 20638
0 1 20639
0 1 20640
0 1 20659
0 1 20662
0 1 20664
0 1 20690
0 1 20708
0 1 20714
0 1 20716
0 1 20726
0 1 20741
0 1 20742
0 1 20762
0 1 20780
0 1 20789
0 1 20791
0 1 20814
0 1 20819
0 1 20826
0 1 20827
0 1 20840
0 1 20853
0 1 20869
0 1 20874
0 1 20877
0 1 20898
0 1 20899
0 1 20902
0 1 20907
0 1 20916
0 1 20955
0 1 20965
0 1 20968
0 1 20969
0 1 20980
0 1 20994
0 1 21002
0 1 21010
0 1 21019
0 1 21023
0 1 21033
0 1 21038
0 1 21043
0 1 21053
0 1 21059
0 1 21085
0 1 21087
0 1 21096
0 1 21109
0 1 21125
0 1 21134
0 1 21142
0 1 21151
0 1 21152
0 1 21155
0 1 21162
0 1 21164
0 1 21187
0 1 21191
0 1 21197
0 1 21203
0 1 21205
0 1 21207
0 1 21215
0 1 21232
0 1 21235
0 1 21238
0 1 21262
0 1 21264
0 1 21269
0 1 21307
0 1 21327
0 1 21331
0 1 21336
0 1 21340
0 1 21345
0 1 21360
0 1 21375
0 1 21378
0 1 21382
0 1 21389
0 1 21399
0 1 21426
0 1 21428
0 1 21431
0 1 21446
0 1 21457
0 1 21460
0 1 21494
0 1 21536
0 1 21555
0 1 21560
0 1 21585
0 1 21594
0 1 21607
0 1 21612
0 1 21637
0 1 21646
0 1 21657
0 1 21689
0 1 21691
0 1 21709
0 1 21713
0 1 21721
0 1 21725
0 1 21726
0 1 21728
0 1 21732
0 1 21737
0 1 21739
0 1 21747
0 1 21760
0 1 21767
0 1 21771
0 1 21774
0 1 21788
0 1 21789
0 1 21790
0 1 21792
0 1 21793
0 1 21832
0 1 21838
0 1 21842
0 1 21858
0 1 21873
0 1 21892
0 1 21912
0 1 21925
0 1 21928
0 1 21937
0 1 21948
0 1 21949
0 1 21958
0 1 21960
0 1 21990
0 1 22003
0 1 22007
0 1 22015
0 1 22020
0 1 22034
0 1 22041
0 1 22045
0 1 22051
0 1 22057
0 1 22060
0 1 22064
0 1 22072
0 1 22087
0 1 22093
0 1 22097
0 1 22098
0 1 22100
0 1 22106
0 1 22108
0 1 22111
0 1 22114
0 1 22116
0 1 22119
0 1 22126
0 1 22152
0 1 22165
0 1 22171
0 1 22175
0 1 22184
0 1 22190
0 1 22192
0 1 22208
0 1 22211
0 1 22217
0 1 22224
0 1 22237
0 1 22251
0 1 22256
0 1 22270
0 1 22274
0 1 22286
0 1 22299
0 1 22318
0 1 22332
0 1 22335
0 1 22392
0 1 22395
0 1 22425
0 1 22449
0 1 22453
0 1 22462
0 1 22465
0 1 22502
0 1 22529
0 1 22540
0 1 22553
0 1 22566
0 1 22574
0 1 22576
0 1 22603
0 1 22605
0 1 22630
0 1 22635
0 1 22636
0 1 22640
0 1 22642
0 1 22651
0 1 22652
0 1 22656
0 1 22664
0 1 22670
0 1 22677
0 1 22697
0 1 22698
0 1 22699
0 1 22701
0 1 22714
0 1 22715
0 1 22725
0 1 22731
0 1 22736
0 1 22741
0 1 22743
0 1 22760
0 1 22766
0 1 22771
0 1 22792
0 1 22801
0 1 22808
0 1 22819
0 1 22835
0 1 22849
0 1 22877
0 1 22895
0 1 22909
0 1 22919
0 1 22930
0 1 22934
0 1 22948
0 1 22959
0 1 22989
0 1 23000
0 1 23001
0 1 23003
0 1 23006
0 1 23017
0 1 23022
0 1 23068
0 1 23082
0 1 23084
0 1 23092
0 1 23095
0 1 23104
0 1 23106
0 1 23111
0 1 23120
0 1 23121
0 1 23128
0 1 23142
0 1 23143
0 1 23145
0 1 23154
0 1 23157
0 1 23187
0 1 23190
0 1 23199
0 1 23212
0 1 23213
0 1 23238
0 1 23267
0 1 23272
0 1 23273
0 1 23282
0 1 23284
0 1 23287
0 1 23309
0 1 23320
0 1 23354
0 1 23372
0 1 23374
0 1 23375
0 1 23377
0 1 23390
0 1 23404
0 1 23410
0 1 23411
0 1 23424
0 1 23425
0 1 23444
0 1 23455
0 1 23471
0 1 23473
0 1 23486
0 1 23498
0 1 23504
0 1 23525
0 1 23528
0 1 23560
0 1 23561
0 1 23564
0 1 23570
0 1 23584
0 1 23598
0 1 23609
0 1 23619
0 1 23622
0 1 23632
0 1 23639
0 1 23641
0 1 23643
0 1 23646
0 1 23658
0 1 23668
0 1 23669
0 1 23673
0 1 23674
0 1 23676
0 1 23684
0 1 23686
0 1 23688
0 1 23693
0 1 23698
0 1 23702
0 1 23716
0 1 23722
0 1 23779
0 1 23780
0 1 23785
0 1 23806
0 1 23827
0 1 23847
0 1 23848
0 1 23856
0 1 23860
0 1 23869
0 1 23881
0 1 23908
0 1 23919
0 1 23932
0 1 23940
0 1 23942
0 1 23944
0 1 23945
0 1 23952
0 1 23963
0 1 23965
0 1 23966
0 1 23969
0 1 23970
0 1 23984
0 1 23988
0 1 23989
0 1 23997
0 1 23999
0 1 24001
0 1 24018
0 1 24030
0 1 24044
0 1 24050
0 1 24059
0 1 24064
0 1 24071
0 1 24072
0 1 24090
0 1 24094
0 1 24106
0 1 24126
0 1 24134
0 1 24143
0 1 24157
0 1 24180
0 1 24204
0 1 24214
0 1 24215
0 1 24237
0 1 24248
0 1 24249
0 1 24255
0 1 24289
0 1 24306
0 1 24325
0 1 24326
0 1 24328
0 1 24343
0 1 24368
0 1 24379
0 1 24383
0 1 24400
0 1 24414
0 1 24435
0 1 24442
0 1 24444
0 1 24445
0 1 24451
0 1 24453
0 1 24454
0 1 24456
0 1 24468
0 1 24474
0 1 24486
0 1 24494
0 1 24499
0 1 24513
0 1 24521
0 1 24542
0 1 24544
0 1 24550
0 1 24555
0 1 24565
0 1 24580
0 1 24582
0 1 24584
0 1 24595
0 1 24606
0 1 24620
0 1 24645
0 1 24656
0 1 24660
0 1 24678
0 1 24693
0 1 24697
0 1 24703
0 1 24715
0 1 24733
0 1 24737
0 1 24771
0 1 24782
0 1 24787
0 1 24789
0 1 24791
0 1 24803
0 1 24805
0 1 24809
0 1 24830
0 1 24842
0 1 24854
0 1 24865
0 1 24866
0 1 24873
0 1 24875
0 1 24883
0 1 24889
0 1 24890
0 1 24902
0 1 24905
0 1 24919
0 1 24931
0 1 24941
0 1 24956
0 1 24962
0 1 24970
0 1 24983
0 1 24993
0 1 24994
0 1 25005
0 1 25017
0 1 25020
0 1 25040
0 1 25050
0 1 25056
0 1 25062
0 1 25092
0 1 25095
0 1 25100
0 1 25103
0 1 25106
0 1 25111
0 1 25113
0 1 25116
0 1 25123
0 1 25124
0 1 25144
0 1 25147
0 1 25195
0 1 25197
0 1 25207
0 1 25210
0 1 25222
0 1 25226
0 1 25242
0 1 25247
0 1 25251
0 1 25263
0 1 25268
0 1 25270
0 1 25273
0 1 25283
0 1 25288
0 1 25300
0 1 25314
0 1 25315
0 1 25321
0 1 25332
0 1 25333
0 1 25338
0 1 25361
0 1 25389
0 1 25406
0 1 25412
0 1 25418
0 1 25422
0 1 25436
0 1 25438
0 1 25443
0 1 25462
0 1 25479
0 1 25481
0 1 25494
0 1 25499
0 1 25509
0 1 25510
0 1 25515
0 1 25530
0 1 25532
0 1 25540
0 1 25559
0 1 25564
0 1 25577
0 1 25579
0 1 25592
0 1 25600
0 1 25612
0 1 25620
0 1 25626
0 1 25627
0 1 25638
0 1 25649
0 1 25652
0 1 25661
0 1 25681
0 1 25682
0 1 25689
0 1 25695
0 1 25697
0 1 25710
0 1 25725
0 1 25742
0 1 25746
0 1 25754
0 1 25778
0 1 25783
0 1 25822
0 1 25824
0 1 25832
0 1 25838
0 1 25844
0 1 25863
0 1 25867
0 1 25875
0 1 25891
0 1 25895
0 1 25919
0 1 25924
0 1 25950
0 1 25968
0 1 25971
0 1 25972
0 1 25990
0 1 25991
0 1 25994
0 1 26016
0 1 26027
0 1 26034
0 1 26044
0 1 26045
0 1 26068
0 1 26072
0 1 26085
0 1 26148
0 1 26155
0 1 26174
0 1 26175
0 1 26193
0 1 26194
0 1 26203
0 1 26212
0 1 26221
0 1 26237
0 1 26242
0 1 26246
0 1 26252
0 1 26270
0 1 26280
0 1 26289
0 1 26297
0 1 26316
0 1 26346
0 1 26354
0 1 26364
0 1 26366
0 1 26393
0 1 26413
0 1 26440
0 1 26447
0 1 26451
0 1 26466
0 1 26468
0 1 26470
0 1 26524
0 1 26540
0 1 26542
0 1 26546
0 1 26571
0 1 26572
0 1 26573
0 1 26582
0 1 26583
0 1 26584
0 1 26590
0 1 26597
0 1 26602
0 1 26608
0 1 26609
0 1 26639
0 1 26657
0 1 26662
0 1 26698
0 1 26709
0 1 26734
0 1 26736
0 1 26742
0 1 26750
0 1 26751
0 1 26760
0 1 26769
0 1 26776
0 1 26782
0 1 26811
0 1 26813
0 1 26817
0 1 26835
0 1 26838
0 1 26850
0 1 26851
0 1 26864
0 1 26890
0 1 26891
0 1 26892
0 1 26903
0 1 26926
0 1 26931
0 1 26939
0 1 26946
0 1 26949
0 1 26969
0 1 26970
0 1 26994
0 1 27009
0 1 27014
0 1 27017
0 1 27020
0 1 27023
0 1 27032
0 1 27033
0 1 27035
0 1 27039
0 1 27043
0 1 27062
0 1 27064
0 1 27066
0 1 27088
0 1 27091
0 1 27098
0 1 27101
0 1 27108
0 1 27114
0 1 27130
0 1 27137
0 1 27154
0 1 27180
0 1 27183
0 1 27197
0 1 27199
0 1 27200
0 1 27202
0 1 27204
0 1 27217
0 1 27236
0 1 27276
0 1 27291
0 1 27294
0 1 27296
0 1 27319
0 1 27324
0 1 27336
0 1 27340
0 1 27341
0 1 27342
0 1 27359
0 1 27360
0 1 27373
0 1 27379
0 1 27383
0 1 27385
0 1 27391
0 1 27402
0 1 27421
0 1 27434
0 1 27442
0 1 27454
0 1 27488
0 1 27519
0 1 27534
0 1 27546
0 1 27554
0 1 27564
0 1 27578
0 1 27596
0 1 27604
0 1 27610
0 1 27619
0 1 27645
0 1 27657
0 1 27683
0 1 27687
0 1 27688
0 1 27707
0 1 27715
0 1 27718
0 1 27727
0 1 27733
0 1 27743
0 1 27760
0 1 27765
0 1 27769
0 1 27778
0 1 27783
0 1 27785
0 1 27786
0 1 27789
0 1 27809
0 1 27815
0 1 27817
0 1 27820
0 1 27853
0 1 27857
0 1 27862
0 1 27872
0 1 27873
0 1 27912
0 1 27952
0 1 27953
0 1 27980
0 1 27986
0 1 28005
0 1 28047
0 1 28069
0 1 28091
0 1 28113
0 1 28115
0 1 28131
0 1 28136
0 1 28139
0 1 28149
0 1 28172
0 1 28192
0 1 28220
0 1 28224
0 1 28226
0 1 28229
0 1 28237
0 1 28255
0 1 28286
0 1 28310
0 1 28313
0 1 28320
0 1 28336
0 1 28343
0 1 28349
0 1 28373
0 1 28385
0 1 28391
0 1 28397
0 1 28406
0 1 28407
0 1 28413
0 1 28416
0 1 28420
0 1 28436
0 1 28460
0 1 28482
0 1 28504
0 1 28516
0 1 28519
0 1 28527
0 1 28534
0 1 28542
0 1 28543
0 1 28549
0 1 28576
0 1 28579
0 1 28580
0 1 28621
0 1 28640
0 1 28641
0 1 28647
0 1 28665
0 1 28668
0 1 28669
0 1 28676
0 1 28684
0 1 28737
0 1 28755
0 1 28769
0 1 28774
0 1 28783
0 1 28803
0 1 28807
0 1 28808
0 1 28809
0 1 28817
0 1 28819
0 1 28822
0 1 28823
0 1 28824
0 1 28827
0 1 28830
0 1 28846
0 1 28859
0 1 28860
0 1 28871
0 1 28875
0 1 28877
0 1 28906
0 1 28917
0 1 28918
0 1 28923
0 1 28931
0 1 28932
0 1 28942
0 1 28947
0 1 28950
0 1 28967
0 1 28976
0 1 28977
0 1 28979
0 1 29015
0 1 29020
0 1 29029
0 1 29054
0 1 29057
0 1 29064
0 1 29066
0 1 29071
0 1 29103
0 1 29128
0 1 29143
0 1 29146
0 1 29150
0 1 29161
0 1 29173
0 1 29174
0 1 29175
0 1 29183
0 1 29199
0 1 29220
0 1 29233
0 1 29247
0 1 29252
0 1 29255
0 1 29263
0 1 29269
0 1 29304
0 1 29326
0 1 29330
0 1 29335
0 1 29340
0 1 29342
0 1 29346
0 1 29350
0 1 29364
0 1 29379
0 1 29388
0 1 29389
0 1 29400
0 1 29402
0 1 29439
0 1 29448
0 1 29450
0 1 29457
0 1 29458
0 1 29471
0 1 29498
0 1 29504
0 1 29517
0 1 29522
0 1 29526
0 1 29528
0 1 29544
0 1 29549
0 1 29557
0 1 29560
0 1 29583
0 1 29594
0 1 29602
0 1 29628
0 1 29629
0 1 29648
0 1 29657
0 1 29694
0 1 29700
0 1 29717
0 1 29747
0 1 29748
0 1 29750
0 1 29754
0 1 29783
0 1 29795
0 1 29810
0 1 29818
0 1 29828
0 1 29836
0 1 29848
0 1 29876
0 1 29878
0 1 29880
0 1 29881
0 1 29885
0 1 29890
0 1 29895
0 1 29902
0 1 29903
0 1 29916
0 1 29929
0 1 29932
0 1 29944
0 1 29946
0 1 29969
0 1 29980
0 1 29981
0 1 30050
0 1 30067
0 1 30074
0 1 30102
0 1 30128
0 1 30135
0 1 30162
0 1 30165
0 1 30168
0 1 30177
0 1 30181
0 1 30194
0 1 30195
0 1 30198
0 1 30242
0 1 30243
0 1 30247
0 1 30249
0 1 30258
0 1 30261
0 1 30265
0 1 30266
0 1 30267
0 1 30273
0 1 30278
0 1 30285
0 1 30313
0 1 30327
0 1 30329
0 1 30357
0 1 30358
0 1 30376
0 1 30378
0 1 30383
0 1 30393
0 1 30394
0 1 30397
0 1 30406
0 1 30407
0 1 30419
0 1 30428
0 1 30433
0 1 30463
0 1 30468
0 1 30469
0 1 30480
0 1 30495
0 1 30498
0 1 30501
0 1 30514
0 1 30517
0 1 30521
0 1 30524
0 1 30529
0 1 30532
0 1 30543
0 1 30549
0 1 30555
0 1 30556
0 1 30557
0 1 30559
0 1 30579
0 1 30581
0 1 30589
0 1 30594
0 1 30602
0 1 30611
0 1 30636
0 1 30653
0 1 30694
0 1 30700
0 1 30701
0 1 30708
0 1 30715
0 1 30719
0 1 30720
0 1 30727
0 1 30769
0 1 30774
0 1 30778
0 1 30809
0 1 30821
0 1 30827
0 1 30845
0 1 30857
0 1 30864
0 1 30868
0 1 30872
0 1 30875
0 1 30889
0 1 30904
0 1 30913
0 1 30914
0 1 30928
0 1 30952
0 1 30963
0 1 30969
0 1 30978
0 1 30997
0 1 31006
0 1 31015
0 1 31027
0 1 31040
0 1 31047
0 1 31051
0 1 31057
0 1 31080
0 1 31088
0 1 31105
0 1 31114
0 1 31124
0 1 31127
0 1 31131
0 1 31147
0 1 31154
0 1 31167
0 1 31177
0 1 31179
0 1 31180
0 1 31201
0 1 31204
0 1 31206
0 1 31209
0 1 31211
0 1 31214
0 1 31215
0 1 31227
0 1 31233
0 1 31237
0 1 31241
0 1 31253
0 1 31300
0 1 31306
0 1 31312
0 1 31315
0 1 31320
0 1 31331
0 1 31333
0 1 31337
0 1 31354
0 1 31358
0 1 31364
0 1 31365
0 1 31370
0 1 31390
0 1 31397
0 1 31410
0 1 31426
0 1 31427
0 1 31431
0 1 31435
0 1 31447
0 1 31452
0 1 31473
0 1 31492
0 1 31514
0 1 31521
0 1 31525
0 1 31531
0 1 31534
0 1 31535
0 1 31552
0 1 31569
0 1 31570
0 1 31571
0 1 31578
0 1 31581
0 1 31585
0 1 31590
0 1 31594
0 1 31608
0 1 31615
0 1 31650
0 1 31651
0 1 31658
0 1 31688
0 1 31689
0 1 31690
0 1 31714
0 1 31719
0 1 31726
0 1 31733
0 1 31744
0 1 31763
0 1 31791
0 1 31800
0 1 31802
0 1 31809
0 1 31815
0 1 31818
0 1 31832
0 1 31838
0 1 31839
0 1 31845
0 1 31871
0 1 31874
0 1 31882
0 1 31886
0 1 31887
0 1 31888
0 1 31915
0 1 31923
0 1 31924
0 1 31925
0 1 31927
0 1 31940
0 1 31949
0 1 31982
0 1 31989
0 1 31990
0 1 31997
0 1 31998
0 1 32018
0 1 32032
0 1 32050
0 1 32057
0 1 32077
0 1 32080
0 1 32083
0 1 32089
0 1 32105
0 1 32113
0 1 32120
0 1 32124
0 1 32127
0 1 32131
0 1 32138
0 1 32161
0 1 32167
0 1 32182
0 1 32186
0 1 32189
0 1 32191
0 1 32197
0 1 32204
0 1 32221
0 1 32225
0 1 32239
0 1 32252
0 1 32258
0 1 32284
0 1 32292
0 1 32297
0 1 32298
0 1 32300
0 1 32323
0 1 32335
0 1 32343
0 1 32368
0 1 32371
0 1 32377
0 1 32407
0 1 32420
0 1 32428
0 1 32449
0 1 32453
0 1 32504
0 1 32527
0 1 32529
0 1 32532
0 1 32534
0 1 32543
0 1 32545
0 1 32546
0 1 32618
0 1 32626
0 1 32630
0 1 32640
0 1 32647
0 1 32655
0 1 32659
0 1 32660
0 1 32663
0 1 32664
0 1 32665
0 1 32667
0 1 32672
0 1 32678
0 1 32697
0 1 32700
0 1 32702
0 1 32704
0 1 32713
0 1 32715
0 1 32735
0 1 32737
0 1 32782
0 1 32797
0 1 32800
0 1 32805
0 1 32813
0 1 32816
0 1 32818
0 1 32823
0 1 32824
0 1 32842
0 1 32844
0 1 32850
0 1 32854
0 1 32856
0 1 32865
0 1 32868
0 1 32874
0 1 32888
0 1 32891
0 1 32904
0 1 32905
0 1 32906
0 1 32909
0 1 32922
0 1 32942
0 1 32962
0 1 32963
0 1 32971
0 1 32975
0 1 32976
0 1 32983
0 1 32999
0 1 33002
0 1 33004
0 1 33006
0 1 33013
0 1 33027
0 1 33033
0 1 33044
0 1 33083
0 1 33085
0 1 33096
0 1 33124
0 1 33142
0 1 33153
0 1 33158
0 1 33163
0 1 33167
0 1 33181
0 1 33182
0 1 33185
0 1 33187
0 1 33216
0 1 33228
0 1 33229
0 1 33231
0 1 33237
0 1 33240
0 1 33241
0 1 33248
0 1 33252
0 1 33255
0 1 33264
0 1 33268
0 1 33269
0 1 33281
0 1 33293
0 1 33301
0 1 33316
0 1 33330
0 1 33333
0 1 33334
0 1 33346
0 1 33348
0 1 33350
0 1 33359
0 1 33362
0 1 33410
0 1 33446
0 1 33451
0 1 33456
0 1 33457
0 1 33464
0 1 33475
0 1 33478
0 1 33496
0 1 33497
0 1 33587
0 1 33594
0 1 33600
0 1 33615
0 1 33635
0 1 33650
0 1 33656
0 1 33666
0 1 33675
0 1 33678
0 1 33693
0 1 33707
0 1 33709
0 1 33720
0 1 33730
0 1 33737
0 1 33757
0 1 33760
0 1 33762
0 1 33774
0 1 33814
0 1 33817
0 1 33820
0 1 33824
0 1 33825
0 1 33831
0 1 33853
0 1 33859
0 1 33861
0 1 33884
0 1 33895
0 1 33899
0 1 33902
0 1 33918
0 1 33924
0 1 33937
0 1 33954
0 1 33977
0 1 33978
0 1 33984
0 1 33985
0 1 34001
0 1 34016
0 1 34022
0 1 34029
0 1 34038
0 1 34041
0 1 34047
0 1 34053
0 1 34055
0 1 34056
0 1 34060
0 1 34074
0 1 34097
0 1 34099
0 1 34106
0 1 34107
0 1 34110
0 1 34117
0 1 34120
0 1 34126
0 1 34130
0 1 34149
0 1 34153
0 1 34164
0 1 34171
0 1 34183
0 1 34190
0 1 34204
0 1 34211
0 1 34219
0 1 34222
0 1 34230
0 1 34232
0 1 34279
0 1 34285
0 1 34299
0 1 34301
0 1 34310
0 1 34324
0 1 34332
0 1 34334
0 1 34335
0 1 34356
0 1 34358
0 1 34364
0 1 34373
0 1 34376
0 1 34380
0 1 34387
0 1 34391
0 1 34400
0 1 34409
0 1 34416
0 1 34418
0 1 34419
0 1 34421
0 1 34437
0 1 34442
0 1 34444
0 1 34463
0 1 34464
0 1 34467
0 1 34480
0 1 34494
0 1 34498
0 1 34499
0 1 34518
0 1 34523
0 1 34532
0 1 34536
0 1 34576
0 1 34578
0 1 34579
0 1 34587
0 1 34595
0 1 34604
0 1 34611
0 1 34615
0 1 34616
0 1 34623
0 1 34647
0 1 34669
0 1 34686
0 1 34694
0 1 34722
0 1 34731
0 1 34742
0 1 34763
0 1 34776
0 1 34784
0 1 34796
0 1 34803
0 1 34806
0 1 34823
0 1 34845
0 1 34853
0 1 34889
0 1 34893
0 1 34894
0 1 34905
0 1 34915
0 1 34918
0 1 34928
0 1 34938
0 1 34939
0 1 34953
0 1 34955
0 1 34963
0 1 34988
0 1 34995
0 1 35010
0 1 35012
0 1 35025
0 1 35034
0 1 35042
0 1 35046
0 1 35054
0 1 35059
0 1 35085
0 1 35088
0 1 35103
0 1 35107
0 1 35113
0 1 35117
0 1 35118
0 1 35119
0 1 35152
0 1 35155
0 1 35156
0 1 35162
0 1 35166
0 1 35193
0 1 35199
0 1 35208
0 1 35224
0 1 35225
0 1 35245
0 1 35261
0 1 35268
0 1 35293
0 1 35305
0 1 35306
0 1 35323
0 1 35327
0 1 35347
0 1 35361
0 1 35366
0 1 35386
0 1 35396
0 1 35427
0 1 35429
0 1 35459
0 1 35472
0 1 35479
0 1 35481
0 1 35500
0 1 35506
0 1 35508
0 1 35512
0 1 35520
0 1 35537
0 1 35559
0 1 35571
0 1 35574
0 1 35582
0 1 35596
0 1 35613
0 1 35620
0 1 35627
0 1 35634
0 1 35642
0 1 35648
0 1 35657
0 1 35666
0 1 35688
0 1 35695
0 1 35719
0 1 35723
0 1 35744
0 1 35752
0 1 35759
0 1 35763
0 1 35771
0 1 35783
0 1 35788
0 1 35800
0 1 35802
0 1 35803
0 1 35810
0 1 35845
0 1 35852
0 1 35853
0 1 35863
0 1 35865
0 1 35871
0 1 35903
0 1 35906
0 1 35920
0 1 35947
0 1 35956
0 1 35964
0 1 35968
0 1 35971
0 1 35972
0 1 35979
0 1 35982
0 1 35990
0 1 35996
0 1 36018
0 1 36025
0 1 36032
0 1 36035
0 1 36040
0 1 36054
0 1 36063
0 1 36071
0 1 36082
0 1 36083
0 1 36085
0 1 36087
0 1 36108
0 1 36114
0 1 36118
0 1 36120
0 1 36141
0 1 36155
0 1 36158
0 1 36174
0 1 36189
0 1 36192
0 1 36212
0 1 36215
0 1 36251
0 1 36256
0 1 36285
0 1 36289
0 1 36290
0 1 36304
0 1 36316
0 1 36318
0 1 36327
0 1 36329
0 1 36334
0 1 36335
0 1 36355
0 1 36363
0 1 36368
0 1 36376
0 1 36383
0 1 36391
0 1 36398
0 1 36425
0 1 36427
0 1 36430
0 1 36472
0 1 36482
0 1 36501
0 1 36533
0 1 36534
0 1 36539
0 1 36540
0 1 36547
0 1 36553
0 1 36562
0 1 36568
0 1 36599
0 1 36626
0 1 36654
0 1 36659
0 1 36668
0 1 36682
0 1 36683
0 1 36693
0 1 36698
0 1 36738
0 1 36745
0 1 36770
0 1 36780
0 1 36789
0 1 36799
0 1 36806
0 1 36810
0 1 36820
0 1 36827
0 1 36831
0 1 36832
0 1 36837
0 1 36839
0 1 36870
0 1 36880
0 1 36882
0 1 36883
0 1 36884
0 1 36892
0 1 36901
0 1 36928
0 1 36941
0 1 36956
0 1 36999
0 1 37032
0 1 37036
0 1 37039
0 1 37049
0 1 37055
0 1 37062
0 1 37063
0 1 37094
0 1 37096
0 1 37100
0 1 37103
0 1 37124
0 1 37134
0 1 37142
0 1 37161
0 1 37167
0 1 37169
0 1 37172
0 1 37200
0 1 37216
0 1 37220
0 1 37230
0 1 37244
0 1 37258
0 1 37266
0 1 37294
0 1 37299
0 1 37308
0 1 37312
0 1 37338
0 1 37342
0 1 37345
0 1 37348
0 1 37349
0 1 37353
0 1 37355
0 1 37356
0 1 37365
0 1 37366
0 1 37374
0 1 37408
0 1 37418
0 1 37430
0 1 37436
0 1 37437
0 1 37439
0 1 37441
0 1 37445
0 1 37448
0 1 37469
0 1 37480
0 1 37504
0 1 37510
0 1 37545
0 1 37550
0 1 37551
0 1 37570
0 1 37607
0 1 37608
0 1 37610
0 1 37636
0 1 37640
0 1 37652
0 1 37685
0 1 37688
0 1 37691
0 1 37699
0 1 37722
0 1 37724
0 1 37728
0 1 37732
0 1 37734
0 1 37735
0 1 37738
0 1 37740
0 1 37747
0 1 37767
0 1 37778
0 1 37799
0 1 37806
0 1 37814
0 1 37817
0 1 37818
0 1 37825
0 1 37832
0 1 37877
0 1 37885
0 1 37887
0 1 37892
0 1 37893
0 1 37895
0 1 37908
0 1 37912
0 1 37917
0 1 37924
0 1 37941
0 1 37946
0 1 37971
0 1 37975
0 1 37991
0 1 38013
0 1 38017
0 1 38026
0 1 38028
0 1 38036
0 1 38046
0 1 38050
0 1 38089
0 1 38104
0 1 38116
0 1 38127
0 1 38144
0 1 38169
0 1 38176
0 1 38188
0 1 38208
0 1 38222
0 1 38250
0 1 38256
0 1 38268
0 1 38276
0 1 38277
0 1 38291
0 1 38294
0 1 38310
0 1 38329
0 1 38332
0 1 38343
0 1 38354
0 1 38358
0 1 38360
0 1 38361
0 1 38363
0 1 38382
0 1 38386
0 1 38389
0 1 38392
0 1 38401
0 1 38405
0 1 38412
0 1 38413
0 1 38425
0 1 38437
0 1 38438
0 1 38446
0 1 38447
0 1 38454
0 1 38476
0 1 38495
0 1 38519
0 1 38528
0 1 38537
0 1 38539
0 1 38544
0 1 38568
0 1 38571
0 1 38581
0 1 38586
0 1 38588
0 1 38592
0 1 38601
0 1 38607
0 1 38620
0 1 38622
0 1 38635
0 1 38636
0 1 38640
0 1 38648
0 1 38669
0 1 38671
0 1 38676
0 1 38689
0 1 38714
0 1 38729
0 1 38731
0 1 38736
0 1 38744
0 1 38746
0 1 38748
0 1 38751
0 1 38759
0 1 38760
0 1 38762
0 1 38766
0 1 38786
0 1 38791
0 1 38800
0 1 38822
0 1 38823
0 1 38826
0 1 38831
0 1 38854
0 1 38871
0 1 38885
0 1 38897
0 1 38902
0 1 38929
0 1 38935
0 1 38941
0 1 38945
0 1 38954
0 1 38955
0 1 38971
0 1 38975
0 1 38980
0 1 38982
0 1 38986
0 1 38993
0 1 38995
0 1 38999
0 1 39001
0 1 39008
0 1 39013
0 1 39021
0 1 39031
0 1 39042
0 1 39046
0 1 39053
0 1 39078
0 1 39094
0 1 39098
0 1 39105
0 1 39109
0 1 39113
0 1 39134
0 1 39140
0 1 39142
0 1 39160
0 1 39186
0 1 39205
0 1 39213
0 1 39218
0 1 39229
0 1 39231
0 1 39247
0 1 39263
0 1 39270
0 1 39272
0 1 39276
0 1 39286
0 1 39289
0 1 39303
0 1 39318
0 1 39324
0 1 39326
0 1 39329
0 1 39335
0 1 39345
0 1 39353
0 1 39359
0 1 39361
0 1 39371
0 1 39407
0 1 39414
0 1 39460
0 1 39494
0 1 39505
0 1 39511
0 1 39517
0 1 39524
0 1 39528
0 1 39549
0 1 39563
0 1 39572
0 1 39578
0 1 39582
0 1 39587
0 1 39593
0 1 39598
0 1 39603
0 1 39640
0 1 39671
0 1 39676
0 1 39704
0 1 39717
0 1 39731
0 1 39740
0 1 39742
0 1 39774
0 1 39775
0 1 39787
0 1 39789
0 1 39794
0 1 39820
0 1 39844
0 1 39857
0 1 39865
0 1 39868
0 1 39873
0 1 39900
0 1 39906
0 1 39912
0 1 39953
0 1 39965
0 1 39966
0 1 39980
0 1 40000
0 1 40028
0 1 40052
0 1 40055
0 1 40056
0 1 40069
0 1 40081
0 1 40123
0 1 40124
0 1 40159
0 1 40181
0 1 40184
0 1 40185
0 1 40190
0 1 40193
0 1 40195
0 1 40197
0 1 40205
0 1 40224
0 1 40226
0 1 40228
0 1 40231
0 1 40255
0 1 40258
0 1 40260
0 1 40270
0 1 40271
0 1 40279
0 1 40281
0 1 40282
0 1 40289
0 1 40304
0 1 40309
0 1 40311
0 1 40315
0 1 40327
0 1 40333
0 1 40354
0 1 40384
0 1 40386
0 1 40402
0 1 40407
0 1 40425
0 1 40438
0 1 40445
0 1 40453
0 1 40454
0 1 40456
0 1 40459
0 1 40472
0 1 40474
0 1 40475
0 1 40479
0 1 40489
0 1 40502
0 1 40504
0 1 40524
0 1 40533
0 1 40536
0 1 40538
0 1 40544
0 1 40555
0 1 40569
0 1 40573
0 1 40579
0 1 40622
0 1 40624
0 1 40642
0 1 40658
0 1 40673
0 1 40700
0 1 40717
0 1 40722
0 1 40725
0 1 40733
0 1 40744
0 1 40752
0 1 40777
0 1 40778
0 1 40783
0 1 40785
0 1 40800
0 1 40832
0 1 40859
0 1 40862
0 1 40863
0 1 40873
0 1 40877
0 1 40895
0 1 40898
0 1 40913
0 1 40931
0 1 40943
0 1 40953
0 1 40977
0 1 40989
0 1 40990
0 1 41002
0 1 41011
0 1 41020
0 1 41042
0 1 41044
0 1 41048
0 1 41080
0 1 41086
0 1 41091
0 1 41097
0 1 41111
0 1 41120
0 1 41136
0 1 41140
0 1 41145
0 1 41151
0 1 41159
0 1 41170
0 1 41187
0 1 41203
0 1 41205
0 1 41217
0 1 41218
0 1 41224
0 1 41234
0 1 41240
0 1 41243
0 1 41244
0 1 41249
0 1 41253
0 1 41256
0 1 41270
0 1 41272
0 1 41278
0 1 41294
0 1 41299
0 1 41317
0 1 41323
0 1 41329
0 1 41353
0 1 41355
0 1 41356
0 1 41363
0 1 41391
0 1 41401
0 1 41402
0 1 41408
0 1 41411
0 1 41430
0 1 41451
0 1 41465
0 1 41481
0 1 41492
0 1 41499
0 1 41522
0 1 41536
0 1 41543
0 1 41572
0 1 41579
0 1 41597
0 1 41602
0 1 41622
0 1 41632
0 1 41652
0 1 41663
0 1 41665
0 1 41671
0 1 41682
0 1 41707
0 1 41708
0 1 41728
0 1 41731
0 1 41754
0 1 41774
0 1 41783
0 1 41813
0 1 41861
0 1 41871
0 1 41893
0 1 41905
0 1 41906
0 1 41921
0 1 41955
0 1 41977
0 1 41989
0 1 42002
0 1 42009
0 1 42015
0 1 42021
0 1 42022
0 1 42028
0 1 42029
0 1 42049
0 1 42051
0 1 42065
0 1 42076
0 1 42081
0 1 42097
0 1 42098
0 1 42099
0 1 42101
0 1 42107
0 1 42115
0 1 42134
0 1 42137
0 1 42163
0 1 42181
0 1 42184
0 1 42192
0 1 42213
0 1 42218
0 1 42226
0 1 42232
0 1 42267
0 1 42281
0 1 42305
0 1 42313
0 1 42316
0 1 42324
0 1 42354
0 1 42356
0 1 42357
0 1 42383
0 1 42384
0 1 42401
0 1 42408
0 1 42409
0 1 42417
0 1 42425
0 1 42427
0 1 42432
0 1 42438
0 1 42463
0 1 42471
0 1 42518
0 1 42519
0 1 42551
0 1 42576
0 1 42590
0 1 42608
0 1 42619
0 1 42622
0 1 42641
0 1 42648
0 1 42657
0 1 42667
0 1 42672
0 1 42681
0 1 42687
0 1 42690
0 1 42691
0 1 42693
0 1 42698
0 1 42709
0 1 42719
0 1 42723
0 1 42739
0 1 42741
0 1 42744
0 1 42746
0 1 42756
0 1 42759
0 1 42768
0 1 42777
0 1 42785
0 1 42788
0 1 42812
0 1 42820
0 1 42827
0 1 42833
0 1 42848
0 1 42859
0 1 42867
0 1 42875
0 1 42882
0 1 42893
0 1 42905
0 1 42907
0 1 42927
0 1 42928
0 1 42941
0 1 42951
0 1 42959
0 1 42961
0 1 42964
0 1 43002
0 1 43006
0 1 43040
0 1 43043
0 1 43049
0 1 43051
0 1 43053
0 1 43067
0 1 43072
0 1 43081
0 1 43093
0 1 43096
0 1 43109
0 1 43113
0 1 43114
0 1 43120
0 1 43126
0 1 43132
0 1 43140
0 1 43149
0 1 43172
0 1 43185
0 1 43186
0 1 43188
0 1 43200
0 1 43206
0 1 43215
0 1 43217
0 1 43222
0 1 43228
0 1 43231
0 1 43232
0 1 43234
0 1 43245
0 1 43253
0 1 43254
0 1 43261
0 1 43268
0 1 43279
0 1 43303
0 1 43314
0 1 43323
0 1 43335
0 1 43372
0 1 43373
0 1 43382
0 1 43395
0 1 43396
0 1 43399
0 1 43420
0 1 43432
0 1 43458
0 1 43481
0 1 43488
0 1 43489
0 1 43490
0 1 43495
0 1 43501
0 1 43523
0 1 43542
0 1 43552
0 1 43563
0 1 43570
0 1 43578
0 1 43593
0 1 43606
0 1 43609
0 1 43610
0 1 43615
0 1 43624
0 1 43641
0 1 43673
0 1 43676
0 1 43701
0 1 43726
0 1 43727
0 1 43733
0 1 43734
0 1 43735
0 1 43763
0 1 43797
0 1 43803
0 1 43812
0 1 43819
0 1 43827
0 1 43828
0 1 43834
0 1 43835
0 1 43844
0 1 43853
0 1 43857
0 1 43876
0 1 43899
0 1 43914
0 1 43919
0 1 43922
0 1 43944
0 1 43961
0 1 43967
0 1 43973
0 1 43982
0 1 43983
0 1 44006
0 1 44011
0 1 44017
0 1 44028
0 1 44046
0 1 44054
0 1 44057
0 1 44075
0 1 44076
0 1 44104
0 1 44110
0 1 44116
0 1 44119
0 1 44122
0 1 44130
0 1 44138
0 1 44145
0 1 44149
0 1 44162
0 1 44197
0 1 44214
0 1 44231
0 1 44247
0 1 44251
0 1 44259
0 1 44276
0 1 44281
0 1 44294
0 1 44296
0 1 44327
0 1 44331
0 1 44333
0 1 44336
0 1 44337
0 1 44357
0 1 44364
0 1 44373
0 1 44376
0 1 44395
0 1 44412
0 1 44427
0 1 44429
0 1 44442
0 1 44455
0 1 44459
0 1 44464
0 1 44465
0 1 44482
0 1 44486
0 1 44507
0 1 44523
0 1 44527
0 1 44531
0 1 44532
0 1 44554
0 1 44564
0 1 44569
0 1 44592
0 1 44599
0 1 44601
0 1 44602
0 1 44608
0 1 44613
0 1 44618
0 1 44620
0 1 44636
0 1 44650
0 1 44661
0 1 44665
0 1 44676
0 1 44677
0 1 44685
0 1 44696
0 1 44720
0 1 44725
0 1 44730
0 1 44746
0 1 44757
0 1 44762
0 1 44768
0 1 44783
0 1 44785
0 1 44791
0 1 44792
0 1 44802
0 1 44810
0 1 44814
0 1 44823
0 1 44824
0 1 44839
0 1 44842
0 1 44844
0 1 44849
0 1 44857
0 1 44866
0 1 44867
0 1 44879
0 1 44882
0 1 44886
0 1 44932
0 1 44943
0 1 44953
0 1 44968
0 1 44981
0 1 44983
0 1 44997
0 1 44998
0 1 45013
0 1 45020
0 1 45021
0 1 45032
0 1 45056
0 1 45066
0 1 45072
0 1 45084
0 1 45089
0 1 45099
0 1 45120
0 1 45129
0 1 45151
0 1 45152
0 1 45159
0 1 45185
0 1 45187
0 1 45197
0 1 45198
0 1 45204
0 1 45207
0 1 45218
0 1 45234
0 1 45262
0 1 45268
0 1 45279
0 1 45282
0 1 45289
0 1 45298
0 1 45300
0 1 45302
0 1 45308
0 1 45316
0 1 45320
0 1 45338
0 1 45346
0 1 45357
0 1 45370
0 1 45381
0 1 45383
0 1 45391
0 1 45400
0 1 45407
0 1 45410
0 1 45414
0 1 45415
0 1 45418
0 1 45424
0 1 45427
0 1 45433
0 1 45446
0 1 45467
0 1 45473
0 1 45474
0 1 45485
0 1 45495
0 1 45505
0 1 45537
0 1 45544
0 1 45545
0 1 45549
0 1 45550
0 1 45558
0 1 45567
0 1 45573
0 1 45582
0 1 45586
0 1 45603
0 1 45610
0 1 45617
0 1 45623
0 1 45627
0 1 45643
0 1 45644
0 1 45672
0 1 45678
0 1 45686
0 1 45707
0 1 45709
0 1 45723
0 1 45729
0 1 45754
0 1 45759
0 1 45771
0 1 45786
0 1 45793
0 1 45800
0 1 45826
0 1 45829
0 1 45841
0 1 45846
0 1 45847
0 1 45853
0 1 45871
0 1 45879
0 1 45890
0 1 45894
0 1 45906
0 1 45932
0 1 45941
0 1 45944
0 1 45964
0 1 45996
0 1 46001
0 1 46005
0 1 46008
0 1 46011
0 1 46032
0 1 46035
0 1 46037
0 1 46077
0 1 46080
0 1 46093
0 1 46097
0 1 46099
0 1 46107
0 1 46116
0 1 46135
0 1 46143
0 1 46146
0 1 46152
0 1 46153
0 1 46163
0 1 46195
0 1 46197
0 1 46200
0 1 46208
0 1 46212
0 1 46214
0 1 46220
0 1 46227
0 1 46228
0 1 46230
0 1 46281
0 1 46288
0 1 46291
0 1 46293
0 1 46316
0 1 46317
0 1 46343
0 1 46350
0 1 46353
0 1 46359
0 1 46361
0 1 46367
0 1 46368
0 1 46379
0 1 46407
0 1 46408
0 1 46409
0 1 46412
0 1 46423
0 1 46424
0 1 46436
0 1 46441
0 1 46445
0 1 46454
0 1 46458
0 1 46470
0 1 46474
0 1 46477
0 1 46506
0 1 46509
0 1 46517
0 1 46527
0 1 46537
0 1 46544
0 1 46545
0 1 46547
0 1 46548
0 1 46551
0 1 46587
0 1 46589
0 1 46595
0 1 46607
0 1 46608
0 1 46612
0 1 46617
0 1 46646
0 1 46664
0 1 46675
0 1 46676
0 1 46678
0 1 46690
0 1 46698
0 1 46707
0 1 46716
0 1 46727
0 1 46738
0 1 46753
0 1 46760
0 1 46768
0 1 46770
0 1 46774
0 1 46775
0 1 46776
0 1 46786
0 1 46788
0 1 46792
0 1 46794
0 1 46801
0 1 46817
0 1 46842
0 1 46852
0 1 46855
0 1 46856
0 1 46859
0 1 46868
0 1 46869
0 1 46873
0 1 46879
0 1 46950
0 1 46953
0 1 46956
0 1 46958
0 1 46981
0 1 47001
0 1 47015
0 1 47041
0 1 47044
0 1 47059
0 1 47068
0 1 47077
0 1 47086
0 1 47099
0 1 47102
0 1 47107
0 1 47113
0 1 47118
0 1 47133
0 1 47150
0 1 47151
0 1 47161
0 1 47164
0 1 47166
0 1 47180
0 1 47190
0 1 47191
0 1 47200
0 1 47223
0 1 47229
0 1 47240
0 1 47248
0 1 47251
0 1 47252
0 1 47256
0 1 47258
0 1 47262
0 1 47275
0 1 47282
0 1 47287
0 1 47288
0 1 47296
0 1 47329
0 1 47351
0 1 47354
0 1 47356
0 1 47357
0 1 47358
0 1 47376
0 1 47378
0 1 47405
0 1 47417
0 1 47432
0 1 47436
0 1 47456
0 1 47469
0 1 47474
0 1 47483
0 1 47494
0 1 47500
0 1 47526
0 1 47536
0 1 47567
0 1 47571
0 1 47591
0 1 47593
0 1 47594
0 1 47602
0 1 47610
0 1 47620
0 1 47621
0 1 47632
0 1 47635
0 1 47649
0 1 47650
0 1 47654
0 1 47679
0 1 47709
0 1 47720
0 1 47724
0 1 47738
0 1 47739
0 1 47760
0 1 47767
0 1 47770
0 1 47787
0 1 47790
0 1 47798
0 1 47806
0 1 47824
0 1 47825
0 1 47832
0 1 47865
0 1 47875
0 1 47894
0 1 47906
0 1 47918
0 1 47924
0 1 47947
0 1 47960
0 1 47963
0 1 47964
0 1 47992
0 1 47997
0 1 48000
0 1 48002
0 1 48007
0 1 48012
0 1 48019
0 1 48038
0 1 48043
0 1 48046
0 1 48064
0 1 48090
0 1 48101
0 1 48120
0 1 48121
0 1 48151
0 1 48160
0 1 48168
0 1 48172
0 1 48177
0 1 48178
0 1 48189
0 1 48190
0 1 48192
0 1 48216
0 1 48223
0 1 48236
0 1 48257
0 1 48268
0 1 48280
0 1 48286
0 1 48289
0 1 48299
0 1 48305
0 1 48306
0 1 48308
0 1 48314
0 1 48321
0 1 48322
0 1 48342
0 1 48358
0 1 48361
0 1 48379
0 1 48385
0 1 48390
0 1 48395
0 1 48396
0 1 48416
0 1 48429
0 1 48433
0 1 48441
0 1 48451
0 1 48458
0 1 48488
0 1 48504
0 1 48513
0 1 48522
0 1 48557
0 1 48573
0 1 48575
0 1 48576
0 1 48580
0 1 48586
0 1 48590
0 1 48591
0 1 48616
0 1 48619
0 1 48636
0 1 48638
0 1 48646
0 1 48652
0 1 48659
0 1 48667
0 1 48673
0 1 48682
0 1 48705
0 1 48707
0 1 48718
0 1 48747
0 1 48756
0 1 48784
0 1 48806
0 1 48851
0 1 48854
0 1 48884
0 1 48889
0 1 48930
0 1 48942
0 1 48944
0 1 48945
0 1 48947
0 1 48962
0 1 48978
0 1 49002
0 1 49048
0 1 49049
0 1 49063
0 1 49072
0 1 49075
0 1 49076
0 1 49077
0 1 49087
0 1 49099
0 1 49106
0 1 49112
0 1 49123
0 1 49136
0 1 49147
0 1 49159
0 1 49163
0 1 49165
0 1 49200
0 1 49207
0 1 49211
0 1 49216
0 1 49248
0 1 49276
0 1 49294
0 1 49309
0 1 49335
0 1 49349
0 1 49355
0 1 49357
0 1 49362
0 1 49395
0 1 49418
0 1 49452
0 1 49455
0 1 49459
0 1 49474
0 1 49485
0 1 49498
0 1 49501
0 1 49520
0 1 49538
0 1 49567
0 1 49583
0 1 49598
0 1 49615
0 1 49617
0 1 49623
0 1 49647
0 1 49650
0 1 49656
0 1 49659
0 1 49668
0 1 49673
0 1 49676
0 1 49682
0 1 49690
0 1 49695
0 1 49697
0 1 49730
0 1 49735
0 1 49736
0 1 49738
0 1 49755
0 1 49756
0 1 49762
0 1 49765
0 1 49779
0 1 49780
0 1 49781
0 1 49794
0 1 49795
0 1 49824
0 1 49832
0 1 49835
0 1 49850
0 1 49855
0 1 49858
0 1 49867
0 1 49872
0 1 49880
0 1 49892
0 1 49900
0 1 49903
0 1 49913
0 1 49928
0 1 49947
0 1 49948
0 1 49993
0 1 49995
0 1 50007
0 1 50026
0 1 50029
0 1 50035
0 1 50037
0 1 50043
0 1 50067
0 1 50079
0 1 50083
0 1 50088
0 1 50095
0 1 50098
0 1 50102
0 1 50105
0 1 50106
0 1 50112
0 1 50115
0 1 50122
0 1 50136
0 1 50144
0 1 50149
0 1 50153
0 1 50162
0 1 50163
0 1 50170
0 1 50189
0 1 50201
0 1 50234
0 1 50247
0 1 50272
0 1 50279
0 1 50285
0 1 50287
0 1 50294
0 1 50296
0 1 50301
0 1 50325
0 1 50334
0 1 50344
0 1 50346
0 1 50359
0 1 50365
0 1 50368
0 1 50389
0 1 50391
0 1 50427
0 1 50430
0 1 50455
0 1 50487
0 1 50514
0 1 50518
0 1 50521
0 1 50531
0 1 50545
0 1 50546
0 1 50547
0 1 50556
0 1 50562
0 1 50574
0 1 50579
0 1 50614
0 1 50619
0 1 50632
0 1 50636
0 1 50637
0 1 50654
0 1 50658
0 1 50678
0 1 50684
0 1 50685
0 1 50692
0 1 50700
0 1 50714
0 1 50717
0 1 50730
0 1 50733
0 1 50740
0 1 50752
0 1 50767
0 1 50776
0 1 50780
0 1 50785
0 1 50788
0 1 50801
0 1 50804
0 1 50816
0 1 50820
0 1 50822
0 1 50830
0 1 50833
0 1 50836
0 1 50838
0 1 50845
0 1 50848
0 1 50849
0 1 50860
0 1 50868
0 1 50900
0 1 50904
0 1 50908
0 1 50921
0 1 50925
0 1 50951
0 1 50955
0 1 50958
0 1 50961
0 1 50962
0 1 50968
0 1 50978
0 1 50982
0 1 50984
0 1 50990
0 1 50991
0 1 50999
0 1 51009
0 1 51011
0 1 51022
0 1 51029
0 1 51035
0 1 51061
0 1 51068
0 1 51111
0 1 51113
0 1 51123
0 1 51130
0 1 51131
0 1 51144
0 1 51152
0 1 51157
0 1 51166
0 1 51187
0 1 51191
0 1 51196
0 1 51207
0 1 51208
0 1 51216
0 1 51224
0 1 51247
0 1 51252
0 1 51267
0 1 51295
0 1 51297
0 1 51315
0 1 51317
0 1 51325
0 1 51327
0 1 51328
0 1 51333
0 1 51339
0 1 51341
0 1 51357
0 1 51371
0 1 51394
0 1 51397
0 1 51403
0 1 51404
0 1 51407
0 1 51441
0 1 51473
0 1 51497
0 1 51501
0 1 51505
0 1 51507
0 1 51511
0 1 51512
0 1 51519
0 1 51531
0 1 51532
0 1 51534
0 1 51538
0 1 51540
0 1 51546
0 1 51555
0 1 51559
0 1 51562
0 1 51569
0 1 51572
0 1 51577
0 1 51578
0 1 51590
0 1 51594
0 1 51595
0 1 51605
0 1 51609
0 1 51645
0 1 51671
0 1 51673
0 1 51675
0 1 51707
0 1 51708
0 1 51715
0 1 51725
0 1 51735
0 1 51736
0 1 51748
0 1 51755
0 1 51757
0 1 51763
0 1 51764
0 1 51765
0 1 51769
0 1 51776
0 1 51790
0 1 51809
0 1 51811
0 1 51820
0 1 51823
0 1 51831
0 1 51835
0 1 51836
0 1 51853
0 1 51857
0 1 51861
0 1 51881
0 1 51886
0 1 51894
0 1 51908
0 1 51949
0 1 51961
0 1 51977
0 1 51996
0 1 51998
0 1 52009
0 1 52012
0 1 52015
0 1 52018
0 1 52067
0 1 52076
0 1 52113
0 1 52117
0 1 52119
0 1 52150
0 1 52164
0 1 52166
0 1 52172
0 1 52179
0 1 52180
0 1 52192
0 1 52210
0 1 52222
0 1 52224
0 1 52225
0 1 52230
0 1 52244
0 1 52247
0 1 52248
0 1 52254
0 1 52274
0 1 52279
0 1 52290
0 1 52291
0 1 52301
0 1 52304
0 1 52305
0 1 52307
0 1 52309
0 1 52315
0 1 52331
0 1 52339
0 1 52342
0 1 52344
0 1 52345
0 1 52353
0 1 52362
0 1 52371
0 1 52383
0 1 52386
0 1 52396
0 1 52407
0 1 52422
0 1 52427
0 1 52433
0 1 52441
0 1 52458
0 1 52474
0 1 52505
0 1 52506
0 1 52518
0 1 52521
0 1 52523
0 1 52525
0 1 52555
0 1 52561
0 1 52574
0 1 52579
0 1 52586
0 1 52590
0 1 52595
0 1 52610
0 1 52645
0 1 52649
0 1 52655
0 1 52658
0 1 52676
0 1 52685
0 1 52723
0 1 52726
0 1 52731
0 1 52737
0 1 52747
0 1 52750
0 1 52779
0 1 52781
0 1 52792
0 1 52811
0 1 52815
0 1 52872
0 1 52887
0 1 52902
0 1 52919
0 1 52931
0 1 52934
0 1 52959
0 1 52963
0 1 52968
0 1 52973
0 1 52977
0 1 52979
0 1 52994
0 1 53017
0 1 53018
0 1 53023
0 1 53032
0 1 53045
0 1 53066
0 1 53069
0 1 53081
0 1 53097
0 1 53112
0 1 53138
0 1 53155
0 1 53161
0 1 53164
0 1 53166
0 1 53170
0 1 53173
0 1 53180
0 1 53187
0 1 53188
0 1 53194
0 1 53201
0 1 53209
0 1 53214
0 1 53225
0 1 53227
0 1 53231
0 1 53256
0 1 53257
0 1 53271
0 1 53296
0 1 53306
0 1 53308
0 1 53315
0 1 53332
0 1 53335
0 1 53339
0 1 53363
0 1 53367
0 1 53397
0 1 53399
0 1 53401
0 1 53432
0 1 53447
0 1 53452
0 1 53454
0 1 53455
0 1 53462
0 1 53469
0 1 53471
0 1 53490
0 1 53495
0 1 53499
0 1 53501
0 1 53503
0 1 53505
0 1 53515
0 1 53517
0 1 53522
0 1 53541
0 1 53547
0 1 53553
0 1 53565
0 1 53567
0 1 53576
0 1 53591
0 1 53596
0 1 53598
0 1 53606
0 1 53628
0 1 53630
0 1 53634
0 1 53641
0 1 53647
0 1 53648
0 1 53688
0 1 53689
0 1 53699
0 1 53704
0 1 53708
0 1 53719
0 1 53735
0 1 53759
0 1 53760
0 1 53765
0 1 53771
0 1 53773
0 1 53778
0 1 53780
0 1 53786
0 1 53793
0 1 53820
0 1 53829
0 1 53834
0 1 53836
0 1 53838
0 1 53840
0 1 53853
0 1 53856
0 1 53875
0 1 53900
0 1 53909
0 1 53913
0 1 53916
0 1 53928
0 1 53986
0 1 54016
0 1 54036
0 1 54039
0 1 54044
0 1 54049
0 1 54061
0 1 54064
0 1 54070
0 1 54098
0 1 54103
0 1 54140
0 1 54142
0 1 54149
0 1 54175
0 1 54181
0 1 54187
0 1 54190
0 1 54210
0 1 54212
0 1 54241
0 1 54248
0 1 54260
0 1 54261
0 1 54270
0 1 54298
0 1 54305
0 1 54317
0 1 54321
0 1 54327
0 1 54328
0 1 54339
0 1 54361
0 1 54362
0 1 54363
0 1 54366
0 1 54387
0 1 54390
0 1 54402
0 1 54416
0 1 54421
0 1 54422
0 1 54437
0 1 54452
0 1 54453
0 1 54460
0 1 54474
0 1 54476
0 1 54478
0 1 54500
0 1 54502
0 1 54512
0 1 54520
0 1 54526
0 1 54528
0 1 54532
0 1 54533
0 1 54534
0 1 54535
0 1 54543
0 1 54546
0 1 54557
0 1 54571
0 1 54595
0 1 54606
0 1 54619
0 1 54626
0 1 54634
0 1 54646
0 1 54652
0 1 54661
0 1 54670
0 1 54676
0 1 54678
0 1 54681
0 1 54686
0 1 54688
0 1 54690
0 1 54705
0 1 54751
0 1 54768
0 1 54769
0 1 54772
0 1 54799
0 1 54829
0 1 54831
0 1 54842
0 1 54858
0 1 54869
0 1 54871
0 1 54876
0 1 54884
0 1 54899
0 1 54913
0 1 54915
0 1 54932
0 1 54941
0 1 54944
0 1 54945
0 1 54983
0 1 54985
0 1 54988
0 1 55009
0 1 55012
0 1 55016
0 1 55019
0 1 55037
0 1 55072
0 1 55076
0 1 55077
0 1 55093
0 1 55094
0 1 55118
0 1 55156
0 1 55158
0 1 55163
0 1 55165
0 1 55172
0 1 55178
0 1 55202
0 1 55203
0 1 55218
0 1 55252
0 1 55257
0 1 55273
0 1 55294
0 1 55300
0 1 55305
0 1 55309
0 1 55328
0 1 55336
0 1 55338
0 1 55340
0 1 55352
0 1 55359
0 1 55360
0 1 55370
0 1 55440
0 1 55445
0 1 55496
0 1 55514
0 1 55516
0 1 55528
0 1 55555
0 1 55563
0 1 55576
0 1 55591
0 1 55601
0 1 55607
0 1 55630
0 1 55640
0 1 55661
0 1 55703
0 1 55709
0 1 55719
0 1 55733
0 1 55750
0 1 55753
0 1 55761
0 1 55772
0 1 55783
0 1 55788
0 1 55794
0 1 55804
0 1 55839
0 1 55850
0 1 55851
0 1 55853
0 1 55858
0 1 55860
0 1 55861
0 1 55863
0 1 55866
0 1 55867
0 1 55871
0 1 55873
0 1 55884
0 1 55905
0 1 55912
0 1 55913
0 1 55915
0 1 55967
0 1 55993
0 1 56007
0 1 56016
0 1 56022
0 1 56023
0 1 56033
0 1 56039
0 1 56041
0 1 56051
0 1 56054
0 1 56056
0 1 56075
0 1 56086
0 1 56089
0 1 56118
0 1 56119
0 1 56134
0 1 56149
0 1 56156
0 1 56160
0 1 56161
0 1 56180
0 1 56181
0 1 56194
0 1 56198
0 1 56211
0 1 56218
0 1 56229
0 1 56231
0 1 56236
0 1 56238
0 1 56261
0 1 56267
0 1 56276
0 1 56282
0 1 56292
0 1 56310
0 1 56316
0 1 56344
0 1 56348
0 1 56359
0 1 56364
0 1 56371
0 1 56373
0 1 56385
0 1 56388
0 1 56417
0 1 56435
0 1 56451
0 1 56453
0 1 56467
0 1 56482
0 1 56495
0 1 56498
0 1 56504
0 1 56508
0 1 56511
0 1 56514
0 1 56523
0 1 56557
0 1 56566
0 1 56570
0 1 56575
0 1 56577
0 1 56601
0 1 56608
0 1 56622
0 1 56630
0 1 56633
0 1 56667
0 1 56671
0 1 56675
0 1 56689
0 1 56710
0 1 56731
0 1 56734
0 1 56741
0 1 56750
0 1 56756
0 1 56757
0 1 56770
0 1 56772
0 1 56773
0 1 56791
0 1 56794
0 1 56799
0 1 56805
0 1 56812
0 1 56831
0 1 56838
0 1 56842
0 1 56853
0 1 56854
0 1 56870
0 1 56879
0 1 56880
0 1 56890
0 1 56900
0 1 56915
0 1 56931
0 1 56934
0 1 56938
0 1 56942
0 1 56946
0 1 56949
0 1 56961
0 1 56971
0 1 56989
0 1 56996
0 1 57000
0 1 57009
0 1 57017
0 1 57018
0 1 57022
0 1 57027
0 1 57048
0 1 57055
0 1 57068
0 1 57075
0 1 57077
0 1 57084
0 1 57085
0 1 57086
0 1 57088
0 1 57099
0 1 57101
0 1 57103
0 1 57104
0 1 57121
0 1 57123
0 1 57124
0 1 57140
0 1 57163
0 1 57167
0 1 57170
0 1 57172
0 1 57189
0 1 57210
0 1 57217
0 1 57222
0 1 57229
0 1 57231
0 1 57236
0 1 57242
0 1 57243
0 1 57244
0 1 57257
0 1 57285
0 1 57289
0 1 57291
0 1 57300
0 1 57303
0 1 57318
0 1 57323
0 1 57330
0 1 57345
0 1 57364
0 1 57365
0 1 57367
0 1 57375
0 1 57379
0 1 57385
0 1 57396
0 1 57409
0 1 57438
0 1 57441
0 1 57451
0 1 57460
0 1 57463
0 1 57466
0 1 57497
0 1 57500
0 1 57552
0 1 57553
0 1 57566
0 1 57568
0 1 57578
0 1 57591
0 1 57599
0 1 57602
0 1 57617
0 1 57634
0 1 57642
0 1 57656
0 1 57720
0 1 57728
0 1 57770
0 1 57774
0 1 57782
0 1 57784
0 1 57797
0 1 57799
0 1 57803
0 1 57826
0 1 57831
0 1 57850
0 1 57860
0 1 57869
0 1 57885
0 1 57894
0 1 57904
0 1 57933
0 1 57941
0 1 57943
0 1 57954
0 1 57964
0 1 57970
0 1 57975
0 1 57981
0 1 57992
0 1 57994
0 1 57997
0 1 58003
0 1 58013
0 1 58030
0 1 58036
0 1 58049
0 1 58057
0 1 58064
0 1 58066
0 1 58068
0 1 58069
0 1 58070
0 1 58074
0 1 58092
0 1 58095
0 1 58110
0 1 58135
0 1 58142
0 1 58184
0 1 58188
0 1 58203
0 1 58211
0 1 58235
0 1 58262
0 1 58284
0 1 58287
0 1 58311
0 1 58319
0 1 58329
0 1 58330
0 1 58342
0 1 58350
0 1 58368
0 1 58382
0 1 58393
0 1 58403
0 1 58426
0 1 58427
0 1 58430
0 1 58443
0 1 58451
0 1 58465
0 1 58467
0 1 58489
0 1 58498
0 1 58516
0 1 58521
0 1 58522
0 1 58545
0 1 58551
0 1 58556
0 1 58564
0 1 58570
0 1 58587
0 1 58604
0 1 58608
0 1 58612
0 1 58625
0 1 58627
0 1 58629
0 1 58633
0 1 58639
0 1 58642
0 1 58644
0 1 58651
0 1 58655
0 1 58656
0 1 58657
0 1 58666
0 1 58667
0 1 58680
0 1 58682
0 1 58693
0 1 58714
0 1 58735
0 1 58745
0 1 58747
0 1 58755
0 1 58758
0 1 58759
0 1 58761
0 1 58773
0 1 58776
0 1 58811
0 1 58833
0 1 58865
0 1 58884
0 1 58900
0 1 58912
0 1 58922
0 1 58924
0 1 58928
0 1 58952
0 1 58956
0 1 58992
0 1 58996
0 1 59008
0 1 59025
0 1 59032
0 1 59060
0 1 59061
0 1 59065
0 1 59074
0 1 59086
0 1 59094
0 1 59106
0 1 59118
0 1 59122
0 1 59133
0 1 59140
0 1 59145
0 1 59149
0 1 59152
0 1 59157
0 1 59175
0 1 59183
0 1 59234
0 1 59244
0 1 59250
0 1 59274
0 1 59279
0 1 59284
0 1 59295
0 1 59316
0 1 59322
0 1 59323
0 1 59329
0 1 59353
0 1 59366
0 1 59372
0 1 59387
0 1 59401
0 1 59408
0 1 59409
0 1 59424
0 1 59426
0 1 59430
0 1 59438
0 1 59441
0 1 59448
0 1 59449
0 1 59454
0 1 59464
0 1 59479
0 1 59485
0 1 59491
0 1 59533
0 1 59544
0 1 59558
0 1 59574
0 1 59582
0 1 59592
0 1 59630
0 1 59633
0 1 59636
0 1 59672
0 1 59687
0 1 59688
0 1 59704
0 1 59713
0 1 59724
0 1 59725
0 1 59729
0 1 59734
0 1 59741
0 1 59760
0 1 59770
0 1 59775
0 1 59779
0 1 59786
0 1 59787
0 1 59792
0 1 59796
0 1 59805
0 1 59824
0 1 59834
0 1 59851
0 1 59854
0 1 59872
0 1 59876
0 1 59884
0 1 59894
0 1 59897
0 1 59898
0 1 59902
0 1 59905
0 1 59914
0 1 59917
0 1 59922
0 1 59925
0 1 59932
0 1 59935
0 1 59937
0 1 59946
0 1 59954
0 1 59955
0 1 59965
0 1 59966
0 1 59968
0 1 59978
0 1 59995
0 1 60003
0 1 60014
0 1 60029
0 1 60038
0 1 60042
0 1 60046
0 1 60061
0 1 60080
0 1 60092
0 1 60093
0 1 60094
0 1 60098
0 1 60101
0 1 60103
0 1 60131
0 1 60150
0 1 60154
0 1 60169
0 1 60187
0 1 60195
0 1 60200
0 1 60218
0 1 60232
0 1 60243
0 1 60248
0 1 60255
0 1 60263
0 1 60283
0 1 60286
0 1 60292
0 1 60293
0 1 60295
0 1 60314
0 1 60343
0 1 60348
0 1 60349
0 1 60358
0 1 60365
0 1 60371
0 1 60374
0 1 60380
0 1 60384
0 1 60391
0 1 60407
0 1 60414
0 1 60418
0 1 60424
0 1 60434
0 1 60443
0 1 60457
0 1 60474
0 1 60481
0 1 60488
0 1 60489
0 1 60495
0 1 60501
0 1 60506
0 1 60508
0 1 60518
0 1 60551
0 1 60557
0 1 60560
0 1 60575
0 1 60593
0 1 60611
0 1 60626
0 1 60628
0 1 60656
0 1 60660
0 1 60701
0 1 60705
0 1 60721
0 1 60731
0 1 60740
0 1 60753
0 1 60754
0 1 60770
0 1 60833
0 1 60847
0 1 60849
0 1 60853
0 1 60905
0 1 60916
0 1 60919
0 1 60935
0 1 60942
0 1 60952
0 1 60953
0 1 60962
0 1 60965
0 1 60969
0 1 60973
0 1 60996
0 1 61008
0 1 61009
0 1 61010
0 1 61024
0 1 61038
0 1 61048
0 1 61060
0 1 61080
0 1 61088
0 1 61094
0 1 61114
0 1 61122
0 1 61123
0 1 61132
0 1 61134
0 1 61137
0 1 61140
0 1 61145
0 1 61146
0 1 61152
0 1 61163
0 1 61167
0 1 61171
0 1 61172
0 1 61176
0 1 61192
0 1 61204
0 1 61212
0 1 61229
0 1 61234
0 1 61237
0 1 61247
0 1 61249
0 1 61251
0 1 61265
0 1 61285
0 1 61288
0 1 61293
0 1 61307
0 1 61324
0 1 61355
0 1 61359
0 1 61372
0 1 61377
0 1 61415
0 1 61440
0 1 61464
0 1 61474
0 1 61479
0 1 61486
0 1 61488
0 1 61509
0 1 61524
0 1 61529
0 1 61555
0 1 61559
0 1 61575
0 1 61582
0 1 61592
0 1 61595
0 1 61617
0 1 61619
0 1 61622
0 1 61636
0 1 61650
0 1 61663
0 1 61664
0 1 61672
0 1 61678
0 1 61694
0 1 61702
0 1 61712
0 1 61713
0 1 61719
0 1 61721
0 1 61759
0 1 61787
0 1 61792
0 1 61814
0 1 61824
0 1 61854
0 1 61859
0 1 61860
0 1 61873
0 1 61882
0 1 61907
0 1 61920
0 1 61933
0 1 61963
0 1 61972
0 1 61973
0 1 61987
0 1 62031
0 1 62045
0 1 62056
0 1 62072
0 1 62076
0 1 62081
0 1 62092
0 1 62096
0 1 62102
0 1 62110
0 1 62122
0 1 62127
0 1 62138
0 1 62142
0 1 62144
0 1 62179
0 1 62213
0 1 62215
0 1 62230
0 1 62240
0 1 62250
0 1 62251
0 1 62252
0 1 62268
0 1 62288
0 1 62289
0 1 62326
0 1 62338
0 1 62349
0 1 62366
0 1 62374
0 1 62406
0 1 62417
0 1 62418
0 1 62421
0 1 62423
0 1 62442
0 1 62447
0 1 62448
0 1 62449
0 1 62472
0 1 62476
0 1 62479
0 1 62483
0 1 62484
0 1 62486
0 1 62493
0 1 62501
0 1 62508
0 1 62510
0 1 62534
0 1 62535
0 1 62549
0 1 62556
0 1 62568
0 1 62577
0 1 62595
0 1 62600
0 1 62603
0 1 62612
0 1 62623
0 1 62634
0 1 62640
0 1 62657
0 1 62674
0 1 62675
0 1 62683
0 1 62691
0 1 62692
0 1 62733
0 1 62741
0 1 62770
0 1 62778
0 1 62783
0 1 62796
0 1 62798
0 1 62799
0 1 62801
0 1 62807
0 1 62825
0 1 62830
0 1 62850
0 1 62867
0 1 62883
0 1 62893
0 1 62899
0 1 62918
0 1 62919
0 1 62923
0 1 62925
0 1 62926
0 1 62927
0 1 62934
0 1 62943
0 1 62958
0 1 63024
0 1 63055
0 1 63064
0 1 63068
0 1 63082
0 1 63083
0 1 63124
0 1 63125
0 1 63130
0 1 63148
0 1 63175
0 1 63183
0 1 63197
0 1 63239
0 1 63246
0 1 63248
0 1 63250
0 1 63261
0 1 63265
0 1 63269
0 1 63273
0 1 63284
0 1 63296
0 1 63306
0 1 63319
0 1 63348
0 1 63349
0 1 63354
0 1 63368
0 1 63377
0 1 63395
0 1 63411
0 1 63423
0 1 63427
0 1 63442
0 1 63450
0 1 63491
0 1 63505
0 1 63510
0 1 63514
0 1 63525
0 1 63527
0 1 63535
0 1 63588
0 1 63592
0 1 63604
0 1 63608
0 1 63636
0 1 63658
0 1 63662
0 1 63668
0 1 63676
0 1 63681
0 1 63692
0 1 63696
0 1 63705
0 1 63707
0 1 63715
0 1 63716
0 1 63719
0 1 63721
0 1 63724
0 1 63729
0 1 63734
0 1 63735
0 1 63744
0 1 63751
0 1 63794
0 1 63812
0 1 63817
0 1 63822
0 1 63834
0 1 63858
0 1 63864
0 1 63868
0 1 63875
0 1 63881
0 1 63911
0 1 63922
0 1 63931
0 1 63936
0 1 63941
0 1 63985
0 1 64008
0 1 64017
0 1 64038
0 1 64046
0 1 64069
0 1 64075
0 1 64087
0 1 64094
0 1 64099
0 1 64107
0 1 64139
0 1 64152
0 1 64155
0 1 64160
0 1 64161
0 1 64162
0 1 64164
0 1 64166
0 1 64168
0 1 64172
0 1 64196
0 1 64203
0 1 64215
0 1 64216
0 1 64218
0 1 64221
0 1 64225
0 1 64246
0 1 64255
0 1 64260
0 1 64268
0 1 64283
0 1 64290
0 1 64291
0 1 64300
0 1 64311
0 1 64327
0 1 64340
0 1 64341
0 1 64351
0 1 64368
0 1 64371
0 1 64381
0 1 64384
0 1 64402
0 1 64415
0 1 64423
0 1 64426
0 1 64428
0 1 64442
0 1 64462
0 1 64466
0 1 64467
0 1 64469
0 1 64477
0 1 64479
0 1 64486
0 1 64491
0 1 64495
0 1 64508
0 1 64518
0 1 64520
0 1 64531
0 1 64534
0 1 64537
0 1 64542
0 1 64570
0 1 64582
0 1 64585
0 1 64593
0 1 64621
0 1 64627
0 1 64637
0 1 64639
0 1 64705
0 1 64709
0 1 64727
0 1 64750
0 1 64752
0 1 64756
0 1 64757
0 1 64758
0 1 64775
0 1 64788
0 1 64795
0 1 64797
0 1 64801
0 1 64806
0 1 64810
0 1 64818
0 1 64820
0 1 64827
0 1 64831
0 1 64834
0 1 64836
0 1 64841
0 1 64843
0 1 64848
0 1 64866
0 1 64869
0 1 64870
0 1 64875
0 1 64878
0 1 64911
0 1 64912
0 1 64925
0 1 64930
0 1 64931
0 1 64941
0 1 64944
0 1 64954
0 1 64957
0 1 64963
0 1 64978
0 1 64987
0 1 64988
0 1 64991
0 1 65010
0 1 65013
0 1 65014
0 1 65025
0 1 65027
0 1 65029
0 1 65038
0 1 65040
0 1 65069
0 1 65096
0 1 65119
0 1 65127
0 1 65162
0 1 65181
0 1 65201
0 1 65203
0 1 65211
0 1 65228
0 1 65258
0 1 65262
0 1 65272
0 1 65288
0 1 65294
0 1 65297
0 1 65300
0 1 65306
0 1 65307
0 1 65319
0 1 65327
0 1 65343
0 1 65350
0 1 65362
0 1 65379
0 1 65385
0 1 65387
0 1 65391
0 1 65407
0 1 65415
0 1 65423
0 1 65427
0 1 65437
0 1 65452
0 1 65454
0 1 65480
0 1 65495
0 1 65509
0 1 65520
0 1 65536
0 1 65570
0 1 65573
0 1 65623
0 1 65636
0 1 65653
0 1 65662
0 1 65664
0 1 65666
0 1 65687
0 1 65689
0 1 65690
0 1 65709
0 1 65756
0 1 65758
0 1 65762
0 1 65763
0 1 65766
0 1 65769
0 1 65793
0 1 65804
0 1 65826
0 1 65827
0 1 65839
0 1 65844
0 1 65845
0 1 65858
0 1 65863
0 1 65866
0 1 65868
0 1 65870
0 1 65871
0 1 65887
0 1 65897
0 1 65904
0 1 65912
0 1 65919
0 1 65970
0 1 65985
0 1 65989
0 1 66017
0 1 66019
0 1 66034
0 1 66044
0 1 66104
0 1 66105
0 1 66112
0 1 66114
0 1 66115
0 1 66116
0 1 66118
0 1 66132
0 1 66143
0 1 66159
0 1 66168
0 1 66181
0 1 66191
0 1 66218
0 1 66249
0 1 66279
0 1 66280
0 1 66294
0 1 66299
0 1 66338
0 1 66344
0 1 66347
0 1 66349
0 1 66351
0 1 66354
0 1 66359
0 1 66360
0 1 66374
0 1 66383
0 1 66389
0 1 66393
0 1 66411
0 1 66420
0 1 66423
0 1 66456
0 1 66458
0 1 66465
0 1 66471
0 1 66485
0 1 66490
0 1 66508
0 1 66525
0 1 66535
0 1 66559
0 1 66569
0 1 66575
0 1 66608
0 1 66633
0 1 66639
0 1 66650
0 1 66659
0 1 66665
0 1 66667
0 1 66668
0 1 66672
0 1 66673
0 1 66674
0 1 66685
0 1 66700
0 1 66706
0 1 66711
0 1 66719
0 1 66723
0 1 66733
0 1 66743
0 1 66752
0 1 66769
0 1 66788
0 1 66794
0 1 66796
0 1 66804
0 1 66814
0 1 66820
0 1 66826
0 1 66842
0 1 66847
0 1 66849
0 1 66850
0 1 66854
0 1 66863
0 1 66871
0 1 66913
0 1 66923
0 1 66932
0 1 66935
0 1 66938
0 1 66942
0 1 66952
0 1 66953
0 1 66959
0 1 66961
0 1 66979
0 1 66983
0 1 66994
0 1 66998
0 1 67002
0 1 67004
0 1 67008
0 1 67017
0 1 67034
0 1 67048
0 1 67061
0 1 67064
0 1 67065
0 1 67094
0 1 67123
0 1 67131
0 1 67146
0 1 67147
0 1 67159
0 1 67163
0 1 67165
0 1 67185
0 1 67194
0 1 67208
0 1 67212
0 1 67222
0 1 67253
0 1 67269
0 1 67287
0 1 67288
0 1 67292
0 1 67303
0 1 67306
0 1 67307
0 1 67325
0 1 67326
0 1 67341
0 1 67349
0 1 67350
0 1 67358
0 1 67380
0 1 67381
0 1 67383
0 1 67387
0 1 67414
0 1 67416
0 1 67423
0 1 67424
0 1 67427
0 1 67430
0 1 67472
0 1 67475
0 1 67483
0 1 67485
0 1 67492
0 1 67505
0 1 67511
0 1 67520
0 1 67531
0 1 67534
0 1 67553
0 1 67559
0 1 67562
0 1 67576
0 1 67581
0 1 67586
0 1 67591
0 1 67617
0 1 67624
0 1 67638
0 1 67645
0 1 67648
0 1 67651
0 1 67687
0 1 67688
0 1 67694
0 1 67707
0 1 67727
0 1 67729
0 1 67741
0 1 67756
0 1 67791
0 1 67800
0 1 67804
0 1 67822
0 1 67852
0 1 67855
0 1 67860
0 1 67871
0 1 67876
0 1 67908
0 1 67912
0 1 67922
0 1 67940
0 1 67943
0 1 67948
0 1 67949
0 1 67957
0 1 67973
0 1 67992
0 1 67996
0 1 67999
0 1 68010
0 1 68030
0 1 68035
0 1 68049
0 1 68050
0 1 68059
0 1 68060
0 1 68076
0 1 68092
0 1 68094
0 1 68123
0 1 68132
0 1 68157
0 1 68159
0 1 68184
0 1 68185
0 1 68200
0 1 68201
0 1 68216
0 1 68219
0 1 68220
0 1 68221
0 1 68259
0 1 68282
0 1 68284
0 1 68291
0 1 68298
0 1 68301
0 1 68308
0 1 68310
0 1 68316
0 1 68327
0 1 68328
0 1 68360
0 1 68362
0 1 68389
0 1 68398
0 1 68401
0 1 68410
0 1 68414
0 1 68415
0 1 68416
0 1 68422
0 1 68433
0 1 68439
0 1 68450
0 1 68452
0 1 68464
0 1 68472
0 1 68513
0 1 68535
0 1 68537
0 1 68552
0 1 68556
0 1 68574
0 1 68595
0 1 68610
0 1 68617
0 1 68635
0 1 68649
0 1 68666
0 1 68669
0 1 68670
0 1 68673
0 1 68679
0 1 68682
0 1 68683
0 1 68686
0 1 68699
0 1 68707
0 1 68708
0 1 68710
0 1 68713
0 1 68722
0 1 68725
0 1 68728
0 1 68752
0 1 68755
0 1 68759
0 1 68788
0 1 68801
0 1 68803
0 1 68808
0 1 68818
0 1 68823
0 1 68829
0 1 68832
0 1 68842
0 1 68848
0 1 68860
0 1 68870
0 1 68878
0 1 68888
0 1 68897
0 1 68899
0 1 68903
0 1 68945
0 1 68951
0 1 68960
0 1 68969
0 1 68977
0 1 69011
0 1 69013
0 1 69044
0 1 69047
0 1 69049
0 1 69050
0 1 69052
0 1 69056
0 1 69061
0 1 69063
0 1 69117
0 1 69125
0 1 69138
0 1 69143
0 1 69154
0 1 69162
0 1 69176
0 1 69226
0 1 69244
0 1 69249
0 1 69262
0 1 69268
0 1 69271
0 1 69283
0 1 69296
0 1 69299
0 1 69303
0 1 69304
0 1 69312
0 1 69344
0 1 69371
0 1 69378
0 1 69449
0 1 69451
0 1 69460
0 1 69466
0 1 69469
0 1 69473
0 1 69479
0 1 69487
0 1 69490
0 1 69510
0 1 69514
0 1 69520
0 1 69534
0 1 69539
0 1 69560
0 1 69575
0 1 69586
0 1 69591
0 1 69592
0 1 69597
0 1 69598
0 1 69608
0 1 69612
0 1 69635
0 1 69645
0 1 69657
0 1 69670
0 1 69699
0 1 69717
0 1 69725
0 1 69730
0 1 69731
0 1 69734
0 1 69738
0 1 69742
0 1 69748
0 1 69751
0 1 69753
0 1 69769
0 1 69784
0 1 69787
0 1 69795
0 1 69796
0 1 69806
0 1 69825
0 1 69846
0 1 69850
0 1 69852
0 1 69856
0 1 69861
0 1 69877
0 1 69890
0 1 69905
0 1 69910
0 1 69914
0 1 69924
0 1 69944
0 1 69975
0 1 69977
0 1 69982
0 1 69987
0 1 69988
0 1 69994
0 1 70004
0 1 70016
0 1 70024
0 1 70032
0 1 70039
0 1 70044
0 1 70063
0 1 70070
0 1 70073
0 1 70080
0 1 70091
0 1 70096
0 1 70112
0 1 70114
0 1 70117
0 1 70135
0 1 70136
0 1 70137
0 1 70156
0 1 70161
0 1 70172
0 1 70178
0 1 70182
0 1 70183
0 1 70204
0 1 70225
0 1 70231
0 1 70248
0 1 70253
0 1 70268
0 1 70271
0 1 70283
0 1 70285
0 1 70296
0 1 70300
0 1 70302
0 1 70330
0 1 70347
0 1 70348
0 1 70349
0 1 70374
0 1 70375
0 1 70376
0 1 70403
0 1 70416
0 1 70421
0 1 70433
0 1 70445
0 1 70453
0 1 70456
0 1 70494
0 1 70506
0 1 70509
0 1 70511
0 1 70514
0 1 70524
0 1 70549
0 1 70591
0 1 70604
0 1 70614
0 1 70617
0 1 70632
0 1 70651
0 1 70659
0 1 70671
0 1 70675
0 1 70676
0 1 70678
0 1 70684
0 1 70729
0 1 70760
0 1 70766
0 1 70772
0 1 70779
0 1 70790
0 1 70794
0 1 70797
0 1 70829
0 1 70834
0 1 70845
0 1 70852
0 1 70865
0 1 70866
0 1 70871
0 1 70886
0 1 70890
0 1 70896
0 1 70907
0 1 70908
0 1 70914
0 1 70916
0 1 70929
0 1 70934
0 1 70952
0 1 70973
0 1 70974
0 1 70979
0 1 70995
0 1 71009
0 1 71010
0 1 71015
0 1 71016
0 1 71021
0 1 71033
0 1 71037
0 1 71044
0 1 71053
0 1 71067
0 1 71068
0 1 71082
0 1 71085
0 1 71101
0 1 71119
0 1 71126
0 1 71146
0 1 71153
0 1 71154
0 1 71155
0 1 71161
0 1 71166
0 1 71199
0 1 71202
0 1 71214
0 1 71219
0 1 71231
0 1 71232
0 1 71234
0 1 71255
0 1 71257
0 1 71262
0 1 71273
0 1 71283
0 1 71300
0 1 71313
0 1 71331
0 1 71353
0 1 71358
0 1 71362
0 1 71367
0 1 71395
0 1 71404
0 1 71415
0 1 71439
0 1 71445
0 1 71448
0 1 71452
0 1 71461
0 1 71481
0 1 71486
0 1 71487
0 1 71504
0 1 71510
0 1 71541
0 1 71546
0 1 71550
0 1 71564
0 1 71591
0 1 71594
0 1 71602
0 1 71608
0 1 71620
0 1 71621
0 1 71622
0 1 71642
0 1 71643
0 1 71647
0 1 71649
0 1 71654
0 1 71659
0 1 71664
0 1 71666
0 1 71672
0 1 71673
0 1 71681
0 1 71682
0 1 71687
0 1 71696
0 1 71717
0 1 71731
0 1 71741
0 1 71746
0 1 71748
0 1 71751
0 1 71755
0 1 71763
0 1 71764
0 1 71772
0 1 71773
0 1 71774
0 1 71782
0 1 71789
0 1 71791
0 1 71804
0 1 71820
0 1 71822
0 1 71841
0 1 71844
0 1 71866
0 1 71875
0 1 71876
0 1 71889
0 1 71890
0 1 71899
0 1 71906
0 1 71918
0 1 71919
0 1 71924
0 1 71925
0 1 71928
0 1 71970
0 1 71976
0 1 71995
0 1 71999
0 1 72016
0 1 72024
0 1 72025
0 1 72036
0 1 72042
0 1 72044
0 1 72061
0 1 72096
0 1 72099
0 1 72132
0 1 72143
0 1 72152
0 1 72185
0 1 72210
0 1 72215
0 1 72220
0 1 72222
0 1 72235
0 1 72264
0 1 72266
0 1 72268
0 1 72270
0 1 72277
0 1 72298
0 1 72304
0 1 72312
0 1 72327
0 1 72350
0 1 72352
0 1 72370
0 1 72376
0 1 72380
0 1 72382
0 1 72388
0 1 72407
0 1 72428
0 1 72443
0 1 72447
0 1 72463
0 1 72479
0 1 72491
0 1 72495
0 1 72499
0 1 72518
0 1 72535
0 1 72540
0 1 72544
0 1 72553
0 1 72556
0 1 72561
0 1 72566
0 1 72568
0 1 72580
0 1 72581
0 1 72583
0 1 72585
0 1 72606
0 1 72608
0 1 72615
0 1 72626
0 1 72631
0 1 72653
0 1 72665
0 1 72671
0 1 72695
0 1 72699
0 1 72705
0 1 72712
0 1 72750
0 1 72755
0 1 72760
0 1 72764
0 1 72778
0 1 72784
0 1 72797
0 1 72801
0 1 72821
0 1 72822
0 1 72825
0 1 72831
0 1 72832
0 1 72837
0 1 72849
0 1 72854
0 1 72867
0 1 72868
0 1 72873
0 1 72883
0 1 72885
0 1 72930
0 1 72932
0 1 72954
0 1 72973
0 1 72979
0 1 72984
0 1 72986
0 1 72996
0 1 73003
0 1 73010
0 1 73035
0 1 73037
0 1 73042
0 1 73047
0 1 73069
0 1 73072
0 1 73079
0 1 73090
0 1 73102
0 1 73104
0 1 73106
0 1 73107
0 1 73108
0 1 73115
0 1 73127
0 1 73153
0 1 73176
0 1 73180
0 1 73182
0 1 73203
0 1 73204
0 1 73231
0 1 73233
0 1 73242
0 1 73250
0 1 73256
0 1 73257
0 1 73276
0 1 73281
0 1 73288
0 1 73294
0 1 73305
0 1 73306
0 1 73307
0 1 73309
0 1 73318
0 1 73333
0 1 73346
0 1 73356
0 1 73379
0 1 73384
0 1 73395
0 1 73399
0 1 73402
0 1 73430
0 1 73444
0 1 73446
0 1 73452
0 1 73458
0 1 73462
0 1 73467
0 1 73468
0 1 73478
0 1 73511
0 1 73523
0 1 73524
0 1 73577
0 1 73583
0 1 73585
0 1 73602
0 1 73606
0 1 73611
0 1 73624
0 1 73640
0 1 73648
0 1 73662
0 1 73667
0 1 73671
0 1 73672
0 1 73688
0 1 73696
0 1 73710
0 1 73711
0 1 73718
0 1 73722
0 1 73738
0 1 73749
0 1 73781
0 1 73790
0 1 73801
0 1 73805
0 1 73807
0 1 73809
0 1 73831
0 1 73845
0 1 73851
0 1 73858
0 1 73877
0 1 73893
0 1 73894
0 1 73897
0 1 73901
0 1 73912
0 1 73925
0 1 73942
0 1 73949
0 1 73959
0 1 73962
0 1 73965
0 1 73967
0 1 73983
0 1 73999
0 1 74003
0 1 74007
0 1 74011
0 1 74016
0 1 74029
0 1 74054
0 1 74064
0 1 74077
0 1 74108
0 1 74119
0 1 74121
0 1 74125
0 1 74159
0 1 74190
0 1 74193
0 1 74204
0 1 74206
0 1 74212
0 1 74221
0 1 74225
0 1 74233
0 1 74236
0 1 74257
0 1 74266
0 1 74267
0 1 74271
0 1 74275
0 1 74285
0 1 74286
0 1 74293
0 1 74301
0 1 74309
0 1 74317
0 1 74321
0 1 74323
0 1 74341
0 1 74361
0 1 74363
0 1 74395
0 1 74408
0 1 74409
0 1 74413
0 1 74416
0 1 74417
0 1 74421
0 1 74442
0 1 74445
0 1 74447
0 1 74448
0 1 74460
0 1 74498
0 1 74518
0 1 74519
0 1 74549
0 1 74557
0 1 74562
0 1 74584
0 1 74587
0 1 74594
0 1 74597
0 1 74612
0 1 74635
0 1 74640
0 1 74642
0 1 74653
0 1 74661
0 1 74664
0 1 74665
0 1 74670
0 1 74688
0 1 74691
0 1 74695
0 1 74700
0 1 74703
0 1 74724
0 1 74752
0 1 74762
0 1 74769
0 1 74786
0 1 74793
0 1 74798
0 1 74809
0 1 74810
0 1 74815
0 1 74827
0 1 74828
0 1 74840
0 1 74841
0 1 74843
0 1 74855
0 1 74859
0 1 74863
0 1 74872
0 1 74903
0 1 74927
0 1 74943
0 1 74950
0 1 74951
0 1 74961
0 1 74966
0 1 74987
0 1 74994
0 1 75013
0 1 75023
0 1 75051
0 1 75074
0 1 75092
0 1 75108
0 1 75109
0 1 75116
0 1 75143
0 1 75145
0 1 75147
0 1 75152
0 1 75153
0 1 75166
0 1 75176
0 1 75185
0 1 75197
0 1 75202
0 1 75205
0 1 75206
0 1 75230
0 1 75239
0 1 75251
0 1 75255
0 1 75259
0 1 75265
0 1 75266
0 1 75272
0 1 75274
0 1 75275
0 1 75282
0 1 75289
0 1 75298
0 1 75301
0 1 75303
0 1 75335
0 1 75354
0 1 75362
0 1 75363
0 1 75374
0 1 75379
0 1 75385
0 1 75392
0 1 75393
0 1 75398
0 1 75401
0 1 75410
0 1 75413
0 1 75430
0 1 75466
0 1 75468
0 1 75482
0 1 75489
0 1 75513
0 1 75517
0 1 75519
0 1 75545
0 1 75547
0 1 75554
0 1 75555
0 1 75590
0 1 75596
0 1 75607
0 1 75621
0 1 75628
0 1 75630
0 1 75648
0 1 75661
0 1 75664
0 1 75679
0 1 75687
0 1 75713
0 1 75734
0 1 75748
0 1 75755
0 1 75776
0 1 75788
0 1 75799
0 1 75816
0 1 75832
0 1 75875
0 1 75876
0 1 75887
0 1 75896
0 1 75898
0 1 75917
0 1 75919
0 1 75929
0 1 75936
0 1 75946
0 1 75965
0 1 75975
0 1 75979
0 1 75993
0 1 76002
0 1 76003
0 1 76010
0 1 76016
0 1 76018
0 1 76048
0 1 76052
0 1 76062
0 1 76082
0 1 76084
0 1 76088
0 1 76092
0 1 76095
0 1 76102
0 1 76138
0 1 76141
0 1 76149
0 1 76161
0 1 76165
0 1 76173
0 1 76180
0 1 76186
0 1 76191
0 1 76195
0 1 76204
0 1 76228
0 1 76232
0 1 76259
0 1 76294
0 1 76316
0 1 76335
0 1 76345
0 1 76347
0 1 76350
0 1 76364
0 1 76408
0 1 76430
0 1 76432
0 1 76437
0 1 76440
0 1 76448
0 1 76449
0 1 76471
0 1 76475
0 1 76479
0 1 76499
0 1 76511
0 1 76516
0 1 76526
0 1 76529
0 1 76533
0 1 76546
0 1 76564
0 1 76577
0 1 76578
0 1 76579
0 1 76587
0 1 76588
0 1 76592
0 1 76604
0 1 76611
0 1 76617
0 1 76621
0 1 76631
0 1 76633
0 1 76680
0 1 76687
0 1 76688
0 1 76689
0 1 76692
0 1 76700
0 1 76703
0 1 76711
0 1 76713
0 1 76719
0 1 76734
0 1 76743
0 1 76751
0 1 76763
0 1 76784
0 1 76819
0 1 76821
0 1 76827
0 1 76834
0 1 76840
0 1 76843
0 1 76862
0 1 76863
0 1 76869
0 1 76870
0 1 76886
0 1 76902
0 1 76921
0 1 76958
0 1 76960
0 1 76968
0 1 76984
0 1 77010
0 1 77027
0 1 77030
0 1 77042
0 1 77058
0 1 77066
0 1 77075
0 1 77081
0 1 77083
0 1 77098
0 1 77105
0 1 77109
0 1 77111
0 1 77119
0 1 77121
0 1 77141
0 1 77155
0 1 77162
0 1 77174
0 1 77175
0 1 77178
0 1 77179
0 1 77194
0 1 77206
0 1 77224
0 1 77229
0 1 77240
0 1 77285
0 1 77294
0 1 77297
0 1 77299
0 1 77311
0 1 77315
0 1 77318
0 1 77328
0 1 77335
0 1 77337
0 1 77340
0 1 77342
0 1 77350
0 1 77363
0 1 77365
0 1 77370
0 1 77374
0 1 77384
0 1 77392
0 1 77394
0 1 77397
0 1 77398
0 1 77402
0 1 77419
0 1 77424
0 1 77426
0 1 77451
0 1 77467
0 1 77469
0 1 77476
0 1 77483
0 1 77495
0 1 77502
0 1 77522
0 1 77535
0 1 77559
0 1 77584
0 1 77585
0 1 77600
0 1 77611
0 1 77614
0 1 77621
0 1 77624
0 1 77643
0 1 77655
0 1 77656
0 1 77659
0 1 77665
0 1 77674
0 1 77678
0 1 77681
0 1 77698
0 1 77705
0 1 77707
0 1 77717
0 1 77728
0 1 77736
0 1 77738
0 1 77748
0 1 77754
0 1 77756
0 1 77764
0 1 77767
0 1 77790
0 1 77794
0 1 77798
0 1 77803
0 1 77805
0 1 77822
0 1 77851
0 1 77855
0 1 77880
0 1 77882
0 1 77884
0 1 77887
0 1 77891
0 1 77893
0 1 77900
0 1 77915
0 1 77920
0 1 77957
0 1 77970
0 1 77975
0 1 77976
0 1 77980
0 1 77989
0 1 77994
0 1 77997
0 1 78001
0 1 78005
0 1 78013
0 1 78029
0 1 78052
0 1 78068
0 1 78076
0 1 78080
0 1 78081
0 1 78089
0 1 78092
0 1 78105
0 1 78107
0 1 78117
0 1 78118
0 1 78119
0 1 78123
0 1 78125
0 1 78156
0 1 78159
0 1 78179
0 1 78190
0 1 78192
0 1 78202
0 1 78212
0 1 78215
0 1 78217
0 1 78220
0 1 78222
0 1 78224
0 1 78225
0 1 78227
0 1 78230
0 1 78240
0 1 78247
0 1 78249
0 1 78254
0 1 78281
0 1 78297
0 1 78301
0 1 78305
0 1 78329
0 1 78344
0 1 78353
0 1 78386
0 1 78395
0 1 78407
0 1 78411
0 1 78426
0 1 78435
0 1 78436
0 1 78440
0 1 78488
0 1 78517
0 1 78545
0 1 78548
0 1 78559
0 1 78577
0 1 78623
0 1 78624
0 1 78641
0 1 78645
0 1 78657
0 1 78662
0 1 78666
0 1 78671
0 1 78674
0 1 78675
0 1 78704
0 1 78705
0 1 78709
0 1 78713
0 1 78723
0 1 78732
0 1 78744
0 1 78775
0 1 78778
0 1 78786
0 1 78811
0 1 78814
0 1 78818
0 1 78821
0 1 78834
0 1 78840
0 1 78844
0 1 78875
0 1 78880
0 1 78889
0 1 78895
0 1 78896
0 1 78897
0 1 78928
0 1 78939
0 1 78943
0 1 78954
0 1 78963
0 1 78967
0 1 78970
0 1 78972
0 1 78981
0 1 78982
0 1 78987
0 1 79008
0 1 79014
0 1 79019
0 1 79045
0 1 79049
0 1 79052
0 1 79060
0 1 79064
0 1 79102
0 1 79110
0 1 79111
0 1 79122
0 1 79134
0 1 79139
0 1 79151
0 1 79154
0 1 79160
0 1 79171
0 1 79175
0 1 79180
0 1 79211
0 1 79214
0 1 79235
0 1 79262
0 1 79266
0 1 79267
0 1 79286
0 1 79320
0 1 79329
0 1 79330
0 1 79337
0 1 79353
0 1 79358
0 1 79372
0 1 79389
0 1 79392
0 1 79396
0 1 79399
0 1 79406
0 1 79407
0 1 79415
0 1 79416
0 1 79430
0 1 79485
0 1 79486
0 1 79500
0 1 79515
0 1 79520
0 1 79528
0 1 79538
0 1 79539
0 1 79548
0 1 79555
0 1 79559
0 1 79563
0 1 79601
0 1 79609
0 1 79612
0 1 79621
0 1 79631
0 1 79632
0 1 79636
0 1 79639
0 1 79643
0 1 79648
0 1 79649
0 1 79657
0 1 79659
0 1 79671
0 1 79682
0 1 79689
0 1 79692
0 1 79702
0 1 79708
0 1 79731
0 1 79734
0 1 79740
0 1 79750
0 1 79792
0 1 79806
0 1 79819
0 1 79827
0 1 79831
0 1 79842
0 1 79844
0 1 79848
0 1 79855
0 1 79864
0 1 79881
0 1 79906
0 1 79908
0 1 79926
0 1 79935
0 1 79975
0 1 79984
0 1 79986
0 1 79999
0 1 80009
0 1 80011
0 1 80014
0 1 80026
0 1 80073
0 1 80077
0 1 80095
0 1 80099
0 1 80128
0 1 80129
0 1 80131
0 1 80137
0 1 80140
0 1 80146
0 1 80167
0 1 80181
0 1 80185
0 1 80192
0 1 80216
0 1 80230
0 1 80237
0 1 80270
0 1 80271
0 1 80286
0 1 80322
0 1 80334
0 1 80342
0 1 80343
0 1 80364
0 1 80370
0 1 80375
0 1 80376
0 1 80382
0 1 80383
0 1 80404
0 1 80416
0 1 80466
0 1 80483
0 1 80488
0 1 80489
0 1 80498
0 1 80510
0 1 80515
0 1 80524
0 1 80526
0 1 80540
0 1 80550
0 1 80559
0 1 80581
0 1 80583
0 1 80585
0 1 80586
0 1 80587
0 1 80601
0 1 80608
0 1 80609
0 1 80627
0 1 80633
0 1 80646
0 1 80652
0 1 80656
0 1 80658
0 1 80666
0 1 80683
0 1 80705
0 1 80706
0 1 80718
0 1 80720
0 1 80740
0 1 80743
0 1 80763
0 1 80773
0 1 80843
0 1 80844
0 1 80852
0 1 80859
0 1 80865
0 1 80896
0 1 80907
0 1 80909
0 1 80931
0 1 80944
0 1 80949
0 1 80958
0 1 80963
0 1 80970
0 1 80972
0 1 80981
0 1 80984
0 1 80993
0 1 80994
0 1 81025
0 1 81031
0 1 81032
0 1 81038
0 1 81049
0 1 81056
0 1 81059
0 1 81064
0 1 81085
0 1 81088
0 1 81103
0 1 81118
0 1 81133
0 1 81139
0 1 81140
0 1 81150
0 1 81173
0 1 81180
0 1 81190
0 1 81201
0 1 81203
0 1 81226
0 1 81241
0 1 81244
0 1 81248
0 1 81264
0 1 81272
0 1 81278
0 1 81290
0 1 81306
0 1 81321
0 1 81324
0 1 81338
0 1 81340
0 1 81387
0 1 81398
0 1 81401
0 1 81402
0 1 81408
0 1 81411
0 1 81425
0 1 81426
0 1 81431
0 1 81447
0 1 81470
0 1 81487
0 1 81488
0 1 81514
0 1 81524
0 1 81543
0 1 81547
0 1 81550
0 1 81556
0 1 81561
0 1 81563
0 1 81564
0 1 81569
0 1 81587
0 1 81610
0 1 81617
0 1 81620
0 1 81624
0 1 81632
0 1 81633
0 1 81635
0 1 81640
0 1 81642
0 1 81660
0 1 81675
0 1 81689
0 1 81691
0 1 81701
0 1 81708
0 1 81710
0 1 81785
0 1 81787
0 1 81792
0 1 81794
0 1 81832
0 1 81838
0 1 81840
0 1 81844
0 1 81875
0 1 81880
0 1 81881
0 1 81885
0 1 81906
0 1 81919
0 1 81932
0 1 81941
0 1 81947
0 1 81950
0 1 81955
0 1 81961
0 1 81977
0 1 81981
0 1 81982
0 1 81990
0 1 81991
0 1 81995
0 1 82002
0 1 82004
0 1 82018
0 1 82025
0 1 82034
0 1 82054
0 1 82057
0 1 82066
0 1 82068
0 1 82073
0 1 82079
0 1 82088
0 1 82092
0 1 82113
0 1 82114
0 1 82116
0 1 82119
0 1 82128
0 1 82165
0 1 82166
0 1 82175
0 1 82183
0 1 82185
0 1 82186
0 1 82191
0 1 82192
0 1 82196
0 1 82213
0 1 82223
0 1 82226
0 1 82230
0 1 82234
0 1 82237
0 1 82269
0 1 82279
0 1 82284
0 1 82342
0 1 82350
0 1 82362
0 1 82373
0 1 82377
0 1 82381
0 1 82388
0 1 82393
0 1 82395
0 1 82410
0 1 82411
0 1 82422
0 1 82428
0 1 82432
0 1 82442
0 1 82450
0 1 82459
0 1 82465
0 1 82468
0 1 82473
0 1 82474
0 1 82480
0 1 82482
0 1 82484
0 1 82499
0 1 82503
0 1 82504
0 1 82506
0 1 82508
0 1 82527
0 1 82569
0 1 82602
0 1 82603
0 1 82609
0 1 82612
0 1 82622
0 1 82625
0 1 82629
0 1 82660
0 1 82668
0 1 82674
0 1 82684
0 1 82690
0 1 82695
0 1 82723
0 1 82725
0 1 82728
0 1 82756
0 1 82771
0 1 82778
0 1 82797
0 1 82818
0 1 82819
0 1 82823
0 1 82824
0 1 82828
0 1 82830
0 1 82838
0 1 82850
0 1 82851
0 1 82858
0 1 82859
0 1 82865
0 1 82870
0 1 82871
0 1 82881
0 1 82883
0 1 82888
0 1 82894
0 1 82899
0 1 82903
0 1 82909
0 1 82918
0 1 82928
0 1 82930
0 1 82952
0 1 82956
0 1 82971
0 1 82976
0 1 82983
0 1 82992
0 1 83013
0 1 83048
0 1 83096
0 1 83097
0 1 83100
0 1 83104
0 1 83106
0 1 83110
0 1 83117
0 1 83126
0 1 83131
0 1 83152
0 1 83173
0 1 83176
0 1 83187
0 1 83206
0 1 83213
0 1 83217
0 1 83220
0 1 83226
0 1 83230
0 1 83271
0 1 83276
0 1 83277
0 1 83279
0 1 83286
0 1 83295
0 1 83299
0 1 83308
0 1 83310
0 1 83325
0 1 83347
0 1 83364
0 1 83368
0 1 83399
0 1 83400
0 1 83413
0 1 83416
0 1 83429
0 1 83438
0 1 83456
0 1 83459
0 1 83462
0 1 83466
0 1 83473
0 1 83479
0 1 83482
0 1 83483
0 1 83493
0 1 83494
0 1 83497
0 1 83516
0 1 83521
0 1 83528
0 1 83529
0 1 83535
0 1 83537
0 1 83546
0 1 83573
0 1 83587
0 1 83615
0 1 83618
0 1 83641
0 1 83642
0 1 83645
0 1 83649
0 1 83653
0 1 83659
0 1 83666
0 1 83683
0 1 83703
0 1 83706
0 1 83710
0 1 83724
0 1 83731
0 1 83733
0 1 83745
0 1 83747
0 1 83758
0 1 83759
0 1 83760
0 1 83761
0 1 83767
0 1 83772
0 1 83773
0 1 83808
0 1 83812
0 1 83826
0 1 83831
0 1 83837
0 1 83840
0 1 83844
0 1 83850
0 1 83870
0 1 83871
0 1 83874
0 1 83876
0 1 83898
0 1 83907
0 1 83918
0 1 83928
0 1 83931
0 1 83950
0 1 83953
0 1 83954
0 1 83959
0 1 83965
0 1 83970
0 1 83978
0 1 83987
0 1 83993
0 1 83995
0 1 84005
0 1 84020
0 1 84022
0 1 84030
0 1 84039
0 1 84051
0 1 84055
0 1 84056
0 1 84073
0 1 84076
0 1 84087
0 1 84091
0 1 84106
0 1 84114
0 1 84122
0 1 84133
0 1 84137
0 1 84155
0 1 84158
0 1 84183
0 1 84198
0 1 84224
0 1 84238
0 1 84239
0 1 84251
0 1 84255
0 1 84264
0 1 84280
0 1 84304
0 1 84307
0 1 84311
0 1 84320
0 1 84327
0 1 84348
0 1 84353
0 1 84372
0 1 84373
0 1 84405
0 1 84424
0 1 84467
0 1 84485
0 1 84502
0 1 84505
0 1 84509
0 1 84510
0 1 84535
0 1 84539
0 1 84560
0 1 84569
0 1 84579
0 1 84587
0 1 84593
0 1 84594
0 1 84609
0 1 84616
0 1 84619
0 1 84632
0 1 84636
0 1 84667
0 1 84686
0 1 84689
0 1 84697
0 1 84699
0 1 84703
0 1 84713
0 1 84718
0 1 84733
0 1 84766
0 1 84768
0 1 84770
0 1 84774
0 1 84782
0 1 84790
0 1 84791
0 1 84802
0 1 84829
0 1 84843
0 1 84845
0 1 84860
0 1 84888
0 1 84909
0 1 84940
0 1 84951
0 1 84953
0 1 84967
0 1 84977
0 1 84979
0 1 84984
0 1 84989
0 1 85004
0 1 85014
0 1 85025
0 1 85055
0 1 85063
0 1 85090
0 1 85109
0 1 85112
0 1 85123
0 1 85124
0 1 85130
0 1 85144
0 1 85167
0 1 85171
0 1 85175
0 1 85181
0 1 85184
0 1 85199
0 1 85203
0 1 85243
0 1 85257
0 1 85273
0 1 85277
0 1 85295
0 1 85303
0 1 85321
0 1 85323
0 1 85325
0 1 85338
0 1 85358
0 1 85369
0 1 85403
0 1 85406
0 1 85419
0 1 85424
0 1 85443
0 1 85450
0 1 85459
0 1 85481
0 1 85482
0 1 85483
0 1 85499
0 1 85516
0 1 85524
0 1 85529
0 1 85530
0 1 85556
0 1 85568
0 1 85578
0 1 85582
0 1 85595
0 1 85600
0 1 85621
0 1 85632
0 1 85642
0 1 85648
0 1 85662
0 1 85669
0 1 85695
0 1 85706
0 1 85708
0 1 85726
0 1 85740
0 1 85751
0 1 85769
0 1 85771
0 1 85773
0 1 85779
0 1 85788
0 1 85789
0 1 85793
0 1 85817
0 1 85820
0 1 85825
0 1 85827
0 1 85833
0 1 85838
0 1 85842
0 1 85847
0 1 85852
0 1 85860
0 1 85878
0 1 85881
0 1 85922
0 1 85953
0 1 85961
0 1 85978
0 1 85983
0 1 85991
0 1 85994
0 1 85995
0 1 85999
0 1 86001
0 1 86023
0 1 86046
0 1 86063
0 1 86088
0 1 86093
0 1 86101
0 1 86116
0 1 86117
0 1 86135
0 1 86136
0 1 86147
0 1 86170
0 1 86171
0 1 86175
0 1 86196
0 1 86207
0 1 86221
0 1 86232
0 1 86237
0 1 86240
0 1 86243
0 1 86245
0 1 86246
0 1 86253
0 1 86268
0 1 86269
0 1 86272
0 1 86274
0 1 86276
0 1 86277
0 1 86284
0 1 86296
0 1 86301
0 1 86331
0 1 86348
0 1 86352
0 1 86366
0 1 86369
0 1 86379
0 1 86387
0 1 86397
0 1 86403
0 1 86405
0 1 86415
0 1 86417
0 1 86428
0 1 86434
0 1 86451
0 1 86460
0 1 86467
0 1 86480
0 1 86487
0 1 86490
0 1 86492
0 1 86523
0 1 86555
0 1 86561
0 1 86568
0 1 86573
0 1 86596
0 1 86609
0 1 86628
0 1 86651
0 1 86675
0 1 86685
0 1 86699
0 1 86706
0 1 86717
0 1 86728
0 1 86766
0 1 86767
0 1 86770
0 1 86785
0 1 86786
0 1 86820
0 1 86830
0 1 86840
0 1 86843
0 1 86846
0 1 86850
0 1 86851
0 1 86852
0 1 86868
0 1 86870
0 1 86876
0 1 86880
0 1 86884
0 1 86893
0 1 86920
0 1 86924
0 1 86932
0 1 86935
0 1 86941
0 1 86942
0 1 86944
0 1 86952
0 1 86957
0 1 86975
0 1 86979
0 1 87009
0 1 87011
0 1 87021
0 1 87025
0 1 87030
0 1 87034
0 1 87038
0 1 87042
0 1 87059
0 1 87078
0 1 87082
0 1 87096
0 1 87108
0 1 87112
0 1 87126
0 1 87139
0 1 87154
0 1 87192
0 1 87198
0 1 87202
0 1 87211
0 1 87214
0 1 87229
0 1 87237
0 1 87240
0 1 87251
0 1 87254
0 1 87275
0 1 87301
0 1 87307
0 1 87315
0 1 87333
0 1 87338
0 1 87340
0 1 87349
0 1 87363
0 1 87370
0 1 87378
0 1 87389
0 1 87395
0 1 87403
0 1 87409
0 1 87420
0 1 87429
0 1 87432
0 1 87434
0 1 87439
0 1 87450
0 1 87453
0 1 87459
0 1 87461
0 1 87485
0 1 87506
0 1 87522
0 1 87531
0 1 87536
0 1 87538
0 1 87548
0 1 87554
0 1 87559
0 1 87581
0 1 87587
0 1 87591
0 1 87603
0 1 87604
0 1 87623
0 1 87629
0 1 87635
0 1 87638
0 1 87641
0 1 87677
0 1 87723
0 1 87741
0 1 87765
0 1 87771
0 1 87783
0 1 87784
0 1 87801
0 1 87809
0 1 87819
0 1 87850
0 1 87866
0 1 87869
0 1 87874
0 1 87902
0 1 87916
0 1 87924
0 1 87934
0 1 87939
0 1 87946
0 1 87965
0 1 87979
0 1 87980
0 1 87996
0 1 88005
0 1 88041
0 1 88051
0 1 88075
0 1 88079
0 1 88113
0 1 88134
0 1 88139
0 1 88143
0 1 88149
0 1 88153
0 1 88161
0 1 88162
0 1 88173
0 1 88177
0 1 88191
0 1 88204
0 1 88207
0 1 88238
0 1 88241
0 1 88264
0 1 88286
0 1 88290
0 1 88303
0 1 88307
0 1 88330
0 1 88332
0 1 88344
0 1 88358
0 1 88361
0 1 88364
0 1 88365
0 1 88369
0 1 88372
0 1 88384
0 1 88390
0 1 88399
0 1 88403
0 1 88439
0 1 88444
0 1 88460
0 1 88468
0 1 88483
0 1 88486
0 1 88489
0 1 88494
0 1 88507
0 1 88512
0 1 88526
0 1 88544
0 1 88546
0 1 88547
0 1 88561
0 1 88577
0 1 88579
0 1 88587
0 1 88596
0 1 88613
0 1 88619
0 1 88627
0 1 88657
0 1 88671
0 1 88673
0 1 88677
0 1 88688
0 1 88707
0 1 88708
0 1 88724
0 1 88725
0 1 88733
0 1 88744
0 1 88781
0 1 88792
0 1 88795
0 1 88799
0 1 88810
0 1 88815
0 1 88826
0 1 88828
0 1 88835
0 1 88839
0 1 88848
0 1 88851
0 1 88859
0 1 88870
0 1 88875
0 1 88891
0 1 88893
0 1 88905
0 1 88909
0 1 88910
0 1 88918
0 1 88920
0 1 88969
0 1 88983
0 1 88987
0 1 88991
0 1 89003
0 1 89006
0 1 89012
0 1 89036
0 1 89057
0 1 89087
0 1 89088
0 1 89091
0 1 89093
0 1 89097
0 1 89137
0 1 89143
0 1 89162
0 1 89168
0 1 89170
0 1 89176
0 1 89180
0 1 89210
0 1 89211
0 1 89213
0 1 89230
0 1 89237
0 1 89270
0 1 89275
0 1 89312
0 1 89314
0 1 89339
0 1 89343
0 1 89371
0 1 89382
0 1 89402
0 1 89408
0 1 89413
0 1 89421
0 1 89422
0 1 89426
0 1 89428
0 1 89430
0 1 89439
0 1 89441
0 1 89444
0 1 89445
0 1 89450
0 1 89454
0 1 89455
0 1 89457
0 1 89473
0 1 89482
0 1 89488
0 1 89489
0 1 89502
0 1 89504
0 1 89507
0 1 89521
0 1 89522
0 1 89523
0 1 89529
0 1 89535
0 1 89565
0 1 89581
0 1 89582
0 1 89610
0 1 89634
0 1 89675
0 1 89694
0 1 89715
0 1 89718
0 1 89722
0 1 89727
0 1 89737
0 1 89779
0 1 89786
0 1 89800
0 1 89806
0 1 89812
0 1 89824
0 1 89842
0 1 89857
0 1 89866
0 1 89868
0 1 89902
0 1 89904
0 1 89917
0 1 89926
0 1 89928
0 1 89940
0 1 89946
0 1 89956
0 1 89957
0 1 89958
0 1 89999
0 1 90001
0 1 90008
0 1 90010
0 1 90035
0 1 90104
0 1 90107
0 1 90127
0 1 90149
0 1 90164
0 1 90169
0 1 90180
0 1 90181
0 1 90188
0 1 90206
0 1 90239
0 1 90251
0 1 90268
0 1 90272
0 1 90273
0 1 90274
0 1 90280
0 1 90292
0 1 90317
0 1 90331
0 1 90336
0 1 90340
0 1 90348
0 1 90395
0 1 90399
0 1 90464
0 1 90485
0 1 90490
0 1 90507
0 1 90512
0 1 90515
0 1 90526
0 1 90534
0 1 90535
0 1 90543
0 1 90559
0 1 90575
0 1 90578
0 1 90583
0 1 90588
0 1 90593
0 1 90597
0 1 90601
0 1 90603
0 1 90617
0 1 90623
0 1 90634
0 1 90641
0 1 90645
0 1 90649
0 1 90664
0 1 90665
0 1 90669
0 1 90676
0 1 90704
0 1 90711
0 1 90717
0 1 90732
0 1 90736
0 1 90737
0 1 90738
0 1 90746
0 1 90752
0 1 90756
0 1 90765
0 1 90778
0 1 90791
0 1 90793
0 1 90813
0 1 90838
0 1 90853
0 1 90858
0 1 90861
0 1 90897
0 1 90905
0 1 90990
0 1 91015
0 1 91016
0 1 91021
0 1 91027
0 1 91032
0 1 91039
0 1 91044
0 1 91047
0 1 91060
0 1 91064
0 1 91074
0 1 91097
0 1 91125
0 1 91135
0 1 91140
0 1 91173
0 1 91179
0 1 91183
0 1 91184
0 1 91186
0 1 91194
0 1 91195
0 1 91203
0 1 91207
0 1 91211
0 1 91212
0 1 91219
0 1 91225
0 1 91239
0 1 91244
0 1 91245
0 1 91248
0 1 91251
0 1 91290
0 1 91293
0 1 91298
0 1 91303
0 1 91382
0 1 91385
0 1 91391
0 1 91398
0 1 91413
0 1 91419
0 1 91421
0 1 91423
0 1 91428
0 1 91444
0 1 91455
0 1 91487
0 1 91490
0 1 91494
0 1 91507
0 1 91519
0 1 91530
0 1 91533
0 1 91542
0 1 91543
0 1 91555
0 1 91598
0 1 91603
0 1 91605
0 1 91607
0 1 91629
0 1 91645
0 1 91653
0 1 91657
0 1 91663
0 1 91664
0 1 91668
0 1 91678
0 1 91686
0 1 91690
0 1 91698
0 1 91704
0 1 91706
0 1 91724
0 1 91737
0 1 91747
0 1 91771
0 1 91779
0 1 91795
0 1 91807
0 1 91823
0 1 91824
0 1 91830
0 1 91841
0 1 91844
0 1 91858
0 1 91870
0 1 91880
0 1 91890
0 1 91921
0 1 91929
0 1 91932
0 1 91973
0 1 91975
0 1 91977
0 1 91980
0 1 91985
0 1 91988
0 1 91989
0 1 91996
0 1 92002
0 1 92011
0 1 92014
0 1 92017
0 1 92027
0 1 92034
0 1 92040
0 1 92041
0 1 92051
0 1 92056
0 1 92063
0 1 92066
0 1 92082
0 1 92087
0 1 92091
0 1 92101
0 1 92111
0 1 92160
0 1 92167
0 1 92177
0 1 92178
0 1 92200
0 1 92202
0 1 92204
0 1 92211
0 1 92230
0 1 92231
0 1 92257
0 1 92267
0 1 92279
0 1 92285
0 1 92298
0 1 92299
0 1 92315
0 1 92319
0 1 92325
0 1 92336
0 1 92337
0 1 92338
0 1 92379
0 1 92385
0 1 92389
0 1 92397
0 1 92398
0 1 92429
0 1 92432
0 1 92441
0 1 92449
0 1 92472
0 1 92495
0 1 92508
0 1 92520
0 1 92533
0 1 92536
0 1 92552
0 1 92559
0 1 92581
0 1 92582
0 1 92583
0 1 92589
0 1 92599
0 1 92614
0 1 92646
0 1 92657
0 1 92659
0 1 92681
0 1 92683
0 1 92686
0 1 92696
0 1 92703
0 1 92704
0 1 92735
0 1 92736
0 1 92741
0 1 92742
0 1 92744
0 1 92761
0 1 92772
0 1 92779
0 1 92781
0 1 92786
0 1 92808
0 1 92809
0 1 92822
0 1 92826
0 1 92833
0 1 92879
0 1 92887
0 1 92920
0 1 92948
0 1 92952
0 1 92978
0 1 92982
0 1 92985
0 1 93001
0 1 93030
0 1 93037
0 1 93056
0 1 93080
0 1 93094
0 1 93098
0 1 93099
0 1 93110
0 1 93117
0 1 93118
0 1 93123
0 1 93126
0 1 93153
0 1 93165
0 1 93173
0 1 93181
0 1 93183
0 1 93189
0 1 93198
0 1 93203
0 1 93218
0 1 93234
0 1 93244
0 1 93249
0 1 93259
0 1 93287
0 1 93316
0 1 93322
0 1 93324
0 1 93325
0 1 93333
0 1 93342
0 1 93346
0 1 93362
0 1 93368
0 1 93376
0 1 93382
0 1 93407
0 1 93421
0 1 93437
0 1 93444
0 1 93476
0 1 93481
0 1 93484
0 1 93495
0 1 93517
0 1 93525
0 1 93542
0 1 93569
0 1 93576
0 1 93587
0 1 93593
0 1 93594
0 1 93607
0 1 93613
0 1 93621
0 1 93622
0 1 93625
0 1 93652
0 1 93656
0 1 93657
0 1 93658
0 1 93664
0 1 93682
0 1 93702
0 1 93716
0 1 93723
0 1 93732
0 1 93764
0 1 93766
0 1 93781
0 1 93810
0 1 93835
0 1 93843
0 1 93844
0 1 93854
0 1 93857
0 1 93867
0 1 93869
0 1 93872
0 1 93881
0 1 93884
0 1 93891
0 1 93908
0 1 93928
0 1 93980
0 1 93991
0 1 94013
0 1 94015
0 1 94028
0 1 94043
0 1 94047
0 1 94048
0 1 94052
0 1 94055
0 1 94064
0 1 94078
0 1 94080
0 1 94090
0 1 94095
0 1 94098
0 1 94104
0 1 94106
0 1 94107
0 1 94113
0 1 94135
0 1 94147
0 1 94161
0 1 94175
0 1 94177
0 1 94186
0 1 94194
0 1 94203
0 1 94209
0 1 94224
0 1 94228
0 1 94241
0 1 94244
0 1 94258
0 1 94266
0 1 94273
0 1 94274
0 1 94284
0 1 94294
0 1 94304
0 1 94307
0 1 94311
0 1 94319
0 1 94324
0 1 94334
0 1 94339
0 1 94344
0 1 94345
0 1 94354
0 1 94383
0 1 94393
0 1 94403
0 1 94408
0 1 94422
0 1 94472
0 1 94498
0 1 94517
0 1 94520
0 1 94541
0 1 94548
0 1 94551
0 1 94556
0 1 94561
0 1 94568
0 1 94585
0 1 94592
0 1 94625
0 1 94627
0 1 94646
0 1 94653
0 1 94657
0 1 94659
0 1 94675
0 1 94686
0 1 94699
0 1 94701
0 1 94713
0 1 94717
0 1 94722
0 1 94728
0 1 94730
0 1 94740
0 1 94759
0 1 94763
0 1 94766
0 1 94770
0 1 94794
0 1 94818
0 1 94834
0 1 94842
0 1 94845
0 1 94860
0 1 94889
0 1 94906
0 1 94923
0 1 94926
0 1 94931
0 1 94965
0 1 94971
0 1 95004
0 1 95008
0 1 95013
0 1 95015
0 1 95017
0 1 95020
0 1 95047
0 1 95049
0 1 95055
0 1 95061
0 1 95072
0 1 95084
0 1 95100
0 1 95128
0 1 95159
0 1 95165
0 1 95168
0 1 95186
0 1 95193
0 1 95199
0 1 95203
0 1 95211
0 1 95215
0 1 95222
0 1 95223
0 1 95227
0 1 95255
0 1 95269
0 1 95270
0 1 95271
0 1 95281
0 1 95285
0 1 95298
0 1 95314
0 1 95342
0 1 95349
0 1 95367
0 1 95369
0 1 95370
0 1 95383
0 1 95393
0 1 95395
0 1 95399
0 1 95400
0 1 95402
0 1 95407
0 1 95409
0 1 95453
0 1 95457
0 1 95475
0 1 95507
0 1 95515
0 1 95527
0 1 95552
0 1 95556
0 1 95562
0 1 95593
0 1 95605
0 1 95626
0 1 95627
0 1 95629
0 1 95634
0 1 95644
0 1 95647
0 1 95652
0 1 95655
0 1 95661
0 1 95666
0 1 95674
0 1 95676
0 1 95693
0 1 95694
0 1 95705
0 1 95706
0 1 95707
0 1 95713
0 1 95724
0 1 95737
0 1 95772
0 1 95777
0 1 95784
0 1 95813
0 1 95840
0 1 95877
0 1 95878
0 1 95892
0 1 95901
0 1 95929
0 1 95935
0 1 95938
0 1 95975
0 1 95977
0 1 95980
0 1 95990
0 1 96004
0 1 96008
0 1 96011
0 1 96023
0 1 96033
0 1 96072
0 1 96076
0 1 96080
0 1 96084
0 1 96097
0 1 96101
0 1 96107
0 1 96112
0 1 96123
0 1 96124
0 1 96131
0 1 96134
0 1 96149
0 1 96164
0 1 96170
0 1 96175
0 1 96188
0 1 96195
0 1 96198
0 1 96208
0 1 96209
0 1 96215
0 1 96220
0 1 96221
0 1 96227
0 1 96235
0 1 96246
0 1 96251
0 1 96271
0 1 96278
0 1 96280
0 1 96282
0 1 96285
0 1 96287
0 1 96313
0 1 96314
0 1 96323
0 1 96358
0 1 96390
0 1 96392
0 1 96397
0 1 96415
0 1 96417
0 1 96451
0 1 96462
0 1 96468
0 1 96476
0 1 96479
0 1 96481
0 1 96501
0 1 96503
0 1 96505
0 1 96512
0 1 96522
0 1 96540
0 1 96547
0 1 96556
0 1 96588
0 1 96599
0 1 96617
0 1 96621
0 1 96624
0 1 96633
0 1 96642
0 1 96643
0 1 96659
0 1 96667
0 1 96670
0 1 96679
0 1 96697
0 1 96699
0 1 96742
0 1 96747
0 1 96750
0 1 96759
0 1 96772
0 1 96773
0 1 96781
0 1 96802
0 1 96866
0 1 96872
0 1 96874
0 1 96903
0 1 96905
0 1 96907
0 1 96914
0 1 96933
0 1 96947
0 1 96951
0 1 96952
0 1 96963
0 1 96992
0 1 96995
0 1 97000
0 1 97006
0 1 97011
0 1 97017
0 1 97023
0 1 97035
0 1 97044
0 1 97056
0 1 97076
0 1 97080
0 1 97108
0 1 97116
0 1 97119
0 1 97130
0 1 97133
0 1 97142
0 1 97149
0 1 97153
0 1 97193
0 1 97198
0 1 97212
0 1 97219
0 1 97238
0 1 97241
0 1 97247
0 1 97249
0 1 97250
0 1 97259
0 1 97265
0 1 97268
0 1 97271
0 1 97275
0 1 97304
0 1 97328
0 1 97342
0 1 97348
0 1 97364
0 1 97369
0 1 97380
0 1 97403
0 1 97441
0 1 97467
0 1 97481
0 1 97492
0 1 97496
0 1 97499
0 1 97500
0 1 97506
0 1 97512
0 1 97522
0 1 97523
0 1 97533
0 1 97564
0 1 97583
0 1 97589
0 1 97591
0 1 97596
0 1 97608
0 1 97612
0 1 97625
0 1 97642
0 1 97643
0 1 97650
0 1 97653
0 1 97656
0 1 97660
0 1 97663
0 1 97665
0 1 97668
0 1 97697
0 1 97718
0 1 97738
0 1 97749
0 1 97760
0 1 97776
0 1 97781
0 1 97791
0 1 97823
0 1 97833
0 1 97835
0 1 97844
0 1 97866
0 1 97881
0 1 97884
0 1 97893
0 1 97898
0 1 97905
0 1 97907
0 1 97913
0 1 97934
0 1 97938
0 1 97947
0 1 97952
0 1 97956
0 1 97963
0 1 97974
0 1 97978
0 1 97979
0 1 97980
0 1 97987
0 1 97999
0 1 98025
0 1 98027
0 1 98039
0 1 98051
0 1 98067
0 1 98075
0 1 98083
0 1 98091
0 1 98099
0 1 98109
0 1 98119
0 1 98138
0 1 98156
0 1 98167
0 1 98186
0 1 98188
0 1 98193
0 1 98197
0 1 98204
0 1 98206
0 1 98210
0 1 98214
0 1 98220
0 1 98226
0 1 98231
0 1 98266
0 1 98272
0 1 98281
0 1 98287
0 1 98291
0 1 98292
0 1 98298
0 1 98308
0 1 98326
0 1 98339
0 1 98341
0 1 98355
0 1 98356
0 1 98357
0 1 98363
0 1 98364
0 1 98375
0 1 98389
0 1 98399
0 1 98410
0 1 98417
0 1 98420
0 1 98431
0 1 98445
0 1 98476
0 1 98512
0 1 98520
0 1 98531
0 1 98533
0 1 98537
0 1 98545
0 1 98552
0 1 98564
0 1 98567
0 1 98574
0 1 98583
0 1 98662
0 1 98683
0 1 98705
0 1 98710
0 1 98713
0 1 98721
0 1 98726
0 1 98739
0 1 98740
0 1 98749
0 1 98781
0 1 98794
0 1 98809
0 1 98826
0 1 98855
0 1 98856
0 1 98862
0 1 98870
0 1 98891
0 1 98893
0 1 98894
0 1 98907
0 1 98912
0 1 98924
0 1 98925
0 1 98931
0 1 98940
0 1 98944
0 1 98966
0 1 98977
0 1 98983
0 1 99002
0 1 99015
0 1 99039
0 1 99043
0 1 99047
0 1 99049
0 1 99071
0 1 99079
0 1 99108
0 1 99113
0 1 99114
0 1 99116
0 1 99117
0 1 99124
0 1 99143
0 1 99147
0 1 99151
0 1 99190
0 1 99196
0 1 99214
0 1 99219
0 1 99221
0 1 99228
0 1 99235
0 1 99240
0 1 99248
0 1 99258
0 1 99269
0 1 99273
0 1 99284
0 1 99292
0 1 99295
0 1 99306
0 1 99310
0 1 99318
0 1 99321
0 1 99328
0 1 99334
0 1 99341
0 1 99350
0 1 99354
0 1 99362
0 1 99367
0 1 99394
0 1 99399
0 1 99427
0 1 99459
0 1 99472
0 1 99475
0 1 99500
0 1 99513
0 1 99522
0 1 99544
0 1 99551
0 1 99555
0 1 99562
0 1 99564
0 1 99565
0 1 99579
0 1 99587
0 1 99592
0 1 99593
0 1 99594
0 1 99611
0 1 99612
0 1 99613
0 1 99618
0 1 99626
0 1 99628
0 1 99669
0 1 99674
0 1 99682
0 1 99703
0 1 99717
0 1 99727
0 1 99735
0 1 99739
0 1 99744
0 1 99746
0 1 99750
0 1 99766
0 1 99776
0 1 99778
0 1 99781
0 1 99786
0 1 99791
0 1 99804
0 1 99810
0 1 99814
0 1 99818
0 1 99822
0 1 99835
0 1 99836
0 1 99843
0 1 99857
0 1 99858
0 1 99878
0 1 99898
0 1 99915
0 1 99923
0 1 99929
0 1 99938
0 1 99941
0 1 99950
0 1 99956
0 1 99959
0 1 99971
0 1 99979
0 1 99980
0 1 99988
0 1 99993
