0 1 0
0 1 1
0 1 3
0 1 4
0 1 7
0 1 8
0 1 13
0 1 14
0 1 15
0 1 18
0 1 19
0 1 20
0 1 21
0 1 22
0 1 23
0 1 24
0 1 25
0 1 27
0 1 33
0 1 38
0 1 40
0 1 44
0 1 47
0 1 49
0 1 50
0 1 52
0 1 62
0 1 63
0 1 65
0 1 67
0 1 68
0 1 70
0 1 71
0 1 77
0 1 79
0 1 80
0 1 81
0 1 86
0 1 89
0 1 90
0 1 91
0 1 92
0 1 95
0 1 101
0 1 102
0 1 103
0 1 106
0 1 108
0 1 111
0 1 112
0 1 113
0 1 119
0 1 120
0 1 121
0 1 122
0 1 124
0 1 125
0 1 127
0 1 131
0 1 135
0 1 137
0 1 139
0 1 144
0 1 147
0 1 148
0 1 151
0 1 152
0 1 153
0 1 154
0 1 155
0 1 157
0 1 159
0 1 162
0 1 166
0 1 167
0 1 168
0 1 169
0 1 171
0 1 173
0 1 174
0 1 179
0 1 181
0 1 184
0 1 185
0 1 187
0 1 188
0 1 189
0 1 190
0 1 193
0 1 195
0 1 197
0 1 203
0 1 206
0 1 210
0 1 214
0 1 215
0 1 219
0 1 224
0 1 225
0 1 226
0 1 228
0 1 231
0 1 236
0 1 238
0 1 240
0 1 241
0 1 244
0 1 249
0 1 251
0 1 253
0 1 254
0 1 258
0 1 260
0 1 262
0 1 263
0 1 264
0 1 266
0 1 271
0 1 273
0 1 276
0 1 280
0 1 282
0 1 284
0 1 285
0 1 289
0 1 291
0 1 294
0 1 295
0 1 296
0 1 298
0 1 300
0 1 301
0 1 302
0 1 305
0 1 306
0 1 307
0 1 308
0 1 309
0 1 311
0 1 312
0 1 314
0 1 322
0 1 323
0 1 332
0 1 333
0 1 335
0 1 338
0 1 341
0 1 342
0 1 351
0 1 352
0 1 356
0 1 358
0 1 360
0 1 363
0 1 364
0 1 365
0 1 370
0 1 371
0 1 376
0 1 379
0 1 381
0 1 383
0 1 387
0 1 388
0 1 389
0 1 392
0 1 393
0 1 394
0 1 395
0 1 398
0 1 399
0 1 402
0 1 406
0 1 408
0 1 411
0 1 418
0 1 420
0 1 421
0 1 422
0 1 423
0 1 424
0 1 425
0 1 429
0 1 430
0 1 431
0 1 432
0 1 438
0 1 439
0 1 441
0 1 444
0 1 445
0 1 449
0 1 451
0 1 452
0 1 456
0 1 458
0 1 459
0 1 460
0 1 463
0 1 465
0 1 470
0 1 472
0 1 474
0 1 476
0 1 479
0 1 480
0 1 481
0 1 482
0 1 483
0 1 484
0 1 485
0 1 487
0 1 489
0 1 490
0 1 491
0 1 494
0 1 497
0 1 498
0 1 499
0 1 504
0 1 508
0 1 511
0 1 512
0 1 514
0 1 519
0 1 520
0 1 521
0 1 532
0 1 534
0 1 536
0 1 537
0 1 539
0 1 547
0 1 548
0 1 555
0 1 556
0 1 558
0 1 560
0 1 562
0 1 563
0 1 565
0 1 566
0 1 570
0 1 571
0 1 572
0 1 578
0 1 582
0 1 583
0 1 585
0 1 591
0 1 593
0 1 594
0 1 595
0 1 597
0 1 599
0 1 603
0 1 605
0 1 608
0 1 609
0 1 611
0 1 615
0 1 617
0 1 618
0 1 627
0 1 630
0 1 640
0 1 651
0 1 656
0 1 658
0 1 660
0 1 661
0 1 664
0 1 666
0 1 673
0 1 674
0 1 675
0 1 678
0 1 680
0 1 683
0 1 684
0 1 686
0 1 689
0 1 692
0 1 694
0 1 696
0 1 702
0 1 706
0 1 713
0 1 714
0 1 717
0 1 718
0 1 721
0 1 722
0 1 723
0 1 725
0 1 726
0 1 727
0 1 728
0 1 729
0 1 730
0 1 732
0 1 733
0 1 734
0 1 742
0 1 744
0 1 745
0 1 746
0 1 750
0 1 751
0 1 752
0 1 753
0 1 754
0 1 755
0 1 756
0 1 759
0 1 760
0 1 762
0 1 763
0 1 765
0 1 767
0 1 768
0 1 769
0 1 771
0 1 772
0 1 774
0 1 782
0 1 784
0 1 785
0 1 788
0 1 790
0 1 793
0 1 794
0 1 795
0 1 796
0 1 797
0 1 798
0 1 800
0 1 805
0 1 806
0 1 807
0 1 809
0 1 813
0 1 814
0 1 815
0 1 822
0 1 824
0 1 825
0 1 829
0 1 830
0 1 835
0 1 837
0 1 839
0 1 852
0 1 853
0 1 857
0 1 859
0 1 873
0 1 874
0 1 877
0 1 878
0 1 885
0 1 887
0 1 888
0 1 892
0 1 897
0 1 898
0 1 899
0 1 904
0 1 906
0 1 909
0 1 911
0 1 914
0 1 917
0 1 918
0 1 920
0 1 927
0 1 929
0 1 933
0 1 937
0 1 938
0 1 942
0 1 943
0 1 946
0 1 948
0 1 949
0 1 952
0 1 953
0 1 955
0 1 958
0 1 960
0 1 961
0 1 964
0 1 969
0 1 971
0 1 973
0 1 977
0 1 983
0 1 985
0 1 986
0 1 988
0 1 992
0 1 993
0 1 995
0 1 997
0 1 998
0 1 999
0 1 1000
0 1 1003
0 1 1005
0 1 1007
0 1 1010
0 1 1011
0 1 1013
0 1 1015
0 1 1016
0 1 1018
0 1 1022
0 1 1025
0 1 1026
0 1 1033
0 1 1034
0 1 1036
0 1 1040
0 1 1045
0 1 1051
0 1 1056
0 1 1059
0 1 1063
0 1 1064
0 1 1065
0 1 1068
0 1 1069
0 1 1070
0 1 1071
0 1 1075
0 1 1076
0 1 1078
0 1 1082
0 1 1086
0 1 1087
0 1 1088
0 1 1091
0 1 1093
0 1 1099
0 1 1102
0 1 1106
0 1 1109
0 1 1115
0 1 1118
0 1 1125
0 1 1126
0 1 1127
0 1 1129
0 1 1130
0 1 1132
0 1 1133
0 1 1134
0 1 1135
0 1 1138
0 1 1139
0 1 1147
0 1 1150
0 1 1151
0 1 1155
0 1 1157
0 1 1158
0 1 1160
0 1 1161
0 1 1163
0 1 1169
0 1 1170
0 1 1171
0 1 1172
0 1 1177
0 1 1180
0 1 1181
0 1 1182
0 1 1184
0 1 1187
0 1 1188
0 1 1189
0 1 1191
0 1 1193
0 1 1195
0 1 1198
0 1 1202
0 1 1206
0 1 1207
0 1 1210
0 1 1215
0 1 1218
0 1 1219
0 1 1228
0 1 1229
0 1 1231
0 1 1237
0 1 1238
0 1 1244
0 1 1246
0 1 1249
0 1 1250
0 1 1251
0 1 1256
0 1 1261
0 1 1263
0 1 1268
0 1 1278
0 1 1279
0 1 1286
0 1 1287
0 1 1290
0 1 1291
0 1 1292
0 1 1295
0 1 1297
0 1 1298
0 1 1299
0 1 1305
0 1 1308
0 1 1310
0 1 1311
0 1 1312
0 1 1315
0 1 1317
0 1 1318
0 1 1321
0 1 1327
0 1 1331
0 1 1337
0 1 1339
0 1 1340
0 1 1341
0 1 1342
0 1 1343
0 1 1347
0 1 1349
0 1 1352
0 1 1354
0 1 1362
0 1 1368
0 1 1370
0 1 1375
0 1 1377
0 1 1382
0 1 1383
0 1 1386
0 1 1387
0 1 1395
0 1 1396
0 1 1397
0 1 1406
0 1 1414
0 1 1418
0 1 1427
0 1 1430
0 1 1436
0 1 1437
0 1 1440
0 1 1442
0 1 1449
0 1 1450
0 1 1451
0 1 1454
0 1 1455
0 1 1456
0 1 1457
0 1 1458
0 1 1459
0 1 1463
0 1 1464
0 1 1465
0 1 1466
0 1 1467
0 1 1473
0 1 1487
0 1 1489
0 1 1493
0 1 1494
0 1 1497
0 1 1498
0 1 1499
0 1 1503
0 1 1504
0 1 1506
0 1 1508
0 1 1509
0 1 1511
0 1 1512
0 1 1513
0 1 1514
0 1 1515
0 1 1517
0 1 1518
0 1 1519
0 1 1523
0 1 1528
0 1 1531
0 1 1540
0 1 1541
0 1 1543
0 1 1544
0 1 1551
0 1 1552
0 1 1555
0 1 1556
0 1 1557
0 1 1559
0 1 1562
0 1 1564
0 1 1566
0 1 1570
0 1 1573
0 1 1577
0 1 1578
0 1 1579
0 1 1581
0 1 1584
0 1 1585
0 1 1587
0 1 1588
0 1 1591
0 1 1592
0 1 1596
0 1 1601
0 1 1602
0 1 1606
0 1 1608
0 1 1609
0 1 1612
0 1 1615
0 1 1623
0 1 1628
0 1 1635
0 1 1639
0 1 1641
0 1 1642
0 1 1644
0 1 1646
0 1 1651
0 1 1652
0 1 1653
0 1 1656
0 1 1662
0 1 1663
0 1 1664
0 1 1668
0 1 1671
0 1 1672
0 1 1673
0 1 1674
0 1 1675
0 1 1681
0 1 1685
0 1 1687
0 1 1689
0 1 1692
0 1 1693
0 1 1694
0 1 1696
0 1 1698
0 1 1701
0 1 1702
0 1 1703
0 1 1704
0 1 1707
0 1 1708
0 1 1718
0 1 1725
0 1 1728
0 1 1735
0 1 1738
0 1 1739
0 1 1744
0 1 1745
0 1 1746
0 1 1747
0 1 1750
0 1 1753
0 1 1754
0 1 1755
0 1 1760
0 1 1764
0 1 1769
0 1 1770
0 1 1773
0 1 1774
0 1 1775
0 1 1776
0 1 1778
0 1 1780
0 1 1781
0 1 1782
0 1 1783
0 1 1784
0 1 1785
0 1 1787
0 1 1788
0 1 1793
0 1 1794
0 1 1795
0 1 1797
0 1 1800
0 1 1805
0 1 1806
0 1 1807
0 1 1811
0 1 1812
0 1 1813
0 1 1815
0 1 1817
0 1 1818
0 1 1821
0 1 1825
0 1 1826
0 1 1827
0 1 1829
0 1 1830
0 1 1831
0 1 1834
0 1 1837
0 1 1842
0 1 1845
0 1 1846
0 1 1848
0 1 1852
0 1 1855
0 1 1856
0 1 1857
0 1 1859
0 1 1860
0 1 1861
0 1 1869
0 1 1871
0 1 1878
0 1 1881
0 1 1883
0 1 1885
0 1 1886
0 1 1890
0 1 1891
0 1 1894
0 1 1897
0 1 1899
0 1 1906
0 1 1907
0 1 1908
0 1 1909
0 1 1910
0 1 1915
0 1 1920
0 1 1922
0 1 1923
0 1 1929
0 1 1931
0 1 1949
0 1 1955
0 1 1960
0 1 1964
0 1 1968
0 1 1969
0 1 1971
0 1 1972
0 1 1977
0 1 1980
0 1 1981
0 1 1984
0 1 1985
0 1 1988
0 1 1989
0 1 1992
0 1 1993
0 1 1999
0 1 2000
0 1 2002
0 1 2006
0 1 2007
0 1 2009
0 1 2010
0 1 2011
0 1 2018
0 1 2019
0 1 2020
0 1 2021
0 1 2028
0 1 2029
0 1 2032
0 1 2033
0 1 2036
0 1 2037
0 1 2039
0 1 2043
0 1 2049
0 1 2052
0 1 2054
0 1 2056
0 1 2058
0 1 2062
0 1 2065
0 1 2072
0 1 2073
0 1 2075
0 1 2076
0 1 2078
0 1 2080
0 1 2086
0 1 2091
0 1 2095
0 1 2097
0 1 2103
0 1 2105
0 1 2110
0 1 2111
0 1 2113
0 1 2114
0 1 2115
0 1 2118
0 1 2120
0 1 2121
0 1 2123
0 1 2127
0 1 2128
0 1 2134
0 1 2135
0 1 2136
0 1 2137
0 1 2139
0 1 2140
0 1 2144
0 1 2147
0 1 2153
0 1 2155
0 1 2157
0 1 2159
0 1 2161
0 1 2162
0 1 2163
0 1 2165
0 1 2166
0 1 2171
0 1 2173
0 1 2177
0 1 2178
0 1 2180
0 1 2181
0 1 2184
0 1 2186
0 1 2188
0 1 2190
0 1 2192
0 1 2194
0 1 2195
0 1 2196
0 1 2198
0 1 2200
0 1 2202
0 1 2203
0 1 2205
0 1 2207
0 1 2212
0 1 2213
0 1 2215
0 1 2219
0 1 2220
0 1 2221
0 1 2222
0 1 2227
0 1 2228
0 1 2231
0 1 2232
0 1 2236
0 1 2238
0 1 2239
0 1 2244
0 1 2246
0 1 2249
0 1 2250
0 1 2251
0 1 2252
0 1 2253
0 1 2257
0 1 2259
0 1 2262
0 1 2265
0 1 2266
0 1 2268
0 1 2269
0 1 2270
0 1 2272
0 1 2273
0 1 2274
0 1 2279
0 1 2280
0 1 2281
0 1 2283
0 1 2284
0 1 2289
0 1 2291
0 1 2292
0 1 2293
0 1 2296
0 1 2297
0 1 2302
0 1 2303
0 1 2304
0 1 2306
0 1 2307
0 1 2308
0 1 2309
0 1 2311
0 1 2315
0 1 2320
0 1 2327
0 1 2328
0 1 2330
0 1 2331
0 1 2332
0 1 2333
0 1 2336
0 1 2339
0 1 2342
0 1 2343
0 1 2344
0 1 2345
0 1 2350
0 1 2351
0 1 2352
0 1 2353
0 1 2356
0 1 2361
0 1 2362
0 1 2364
0 1 2371
0 1 2372
0 1 2374
0 1 2375
0 1 2377
0 1 2378
0 1 2381
0 1 2382
0 1 2383
0 1 2385
0 1 2387
0 1 2388
0 1 2390
0 1 2392
0 1 2395
0 1 2399
0 1 2400
0 1 2403
0 1 2406
0 1 2410
0 1 2413
0 1 2414
0 1 2416
0 1 2418
0 1 2422
0 1 2423
0 1 2424
0 1 2428
0 1 2429
0 1 2431
0 1 2437
0 1 2438
0 1 2439
0 1 2449
0 1 2450
0 1 2451
0 1 2452
0 1 2454
0 1 2455
0 1 2456
0 1 2459
0 1 2464
0 1 2468
0 1 2469
0 1 2471
0 1 2472
0 1 2473
0 1 2474
0 1 2476
0 1 2479
0 1 2481
0 1 2483
0 1 2485
0 1 2486
0 1 2487
0 1 2488
0 1 2494
0 1 2496
0 1 2497
0 1 2503
0 1 2509
0 1 2511
0 1 2512
0 1 2517
0 1 2522
0 1 2542
0 1 2545
0 1 2551
0 1 2554
0 1 2555
0 1 2561
0 1 2562
0 1 2563
0 1 2564
0 1 2565
0 1 2566
0 1 2567
0 1 2568
0 1 2571
0 1 2573
0 1 2581
0 1 2583
0 1 2589
0 1 2592
0 1 2593
0 1 2595
0 1 2598
0 1 2600
0 1 2602
0 1 2606
0 1 2608
0 1 2610
0 1 2614
0 1 2617
0 1 2620
0 1 2621
0 1 2622
0 1 2623
0 1 2625
0 1 2627
0 1 2636
0 1 2638
0 1 2639
0 1 2645
0 1 2646
0 1 2647
0 1 2648
0 1 2649
0 1 2650
0 1 2653
0 1 2658
0 1 2660
0 1 2661
0 1 2664
0 1 2665
0 1 2669
0 1 2674
0 1 2677
0 1 2681
0 1 2682
0 1 2683
0 1 2685
0 1 2688
0 1 2689
0 1 2690
0 1 2691
0 1 2692
0 1 2695
0 1 2696
0 1 2697
0 1 2698
0 1 2704
0 1 2708
0 1 2709
0 1 2710
0 1 2712
0 1 2715
0 1 2722
0 1 2725
0 1 2727
0 1 2728
0 1 2730
0 1 2731
0 1 2732
0 1 2733
0 1 2735
0 1 2736
0 1 2738
0 1 2741
0 1 2742
0 1 2744
0 1 2745
0 1 2747
0 1 2749
0 1 2751
0 1 2753
0 1 2756
0 1 2757
0 1 2760
0 1 2761
0 1 2762
0 1 2763
0 1 2764
0 1 2766
0 1 2767
0 1 2768
0 1 2770
0 1 2771
0 1 2772
0 1 2773
0 1 2775
0 1 2777
0 1 2778
0 1 2781
0 1 2782
0 1 2785
0 1 2790
0 1 2792
0 1 2794
0 1 2795
0 1 2799
0 1 2803
0 1 2805
0 1 2809
0 1 2810
0 1 2813
0 1 2815
0 1 2816
0 1 2819
0 1 2823
0 1 2824
0 1 2828
0 1 2830
0 1 2831
0 1 2834
0 1 2838
0 1 2841
0 1 2842
0 1 2843
0 1 2845
0 1 2846
0 1 2849
0 1 2851
0 1 2852
0 1 2853
0 1 2854
0 1 2855
0 1 2862
0 1 2866
0 1 2870
0 1 2871
0 1 2873
0 1 2875
0 1 2876
0 1 2878
0 1 2884
0 1 2885
0 1 2886
0 1 2889
0 1 2890
0 1 2896
0 1 2902
0 1 2907
0 1 2910
0 1 2911
0 1 2915
0 1 2916
0 1 2917
0 1 2920
0 1 2921
0 1 2923
0 1 2925
0 1 2927
0 1 2928
0 1 2929
0 1 2930
0 1 2931
0 1 2932
0 1 2935
0 1 2936
0 1 2939
0 1 2941
0 1 2942
0 1 2943
0 1 2945
0 1 2947
0 1 2950
0 1 2951
0 1 2957
0 1 2958
0 1 2961
0 1 2962
0 1 2963
0 1 2964
0 1 2965
0 1 2967
0 1 2970
0 1 2975
0 1 2978
0 1 2982
0 1 2986
0 1 2992
0 1 2994
0 1 2997
0 1 2998
0 1 3005
0 1 3011
0 1 3012
0 1 3013
0 1 3018
0 1 3024
0 1 3025
0 1 3028
0 1 3033
0 1 3039
0 1 3042
0 1 3045
0 1 3047
0 1 3050
0 1 3051
0 1 3053
0 1 3055
0 1 3056
0 1 3057
0 1 3061
0 1 3062
0 1 3064
0 1 3067
0 1 3068
0 1 3075
0 1 3077
0 1 3078
0 1 3080
0 1 3082
0 1 3083
0 1 3088
0 1 3089
0 1 3090
0 1 3092
0 1 3095
0 1 3096
0 1 3098
0 1 3101
0 1 3105
0 1 3107
0 1 3111
0 1 3112
0 1 3116
0 1 3118
0 1 3122
0 1 3124
0 1 3125
0 1 3128
0 1 3130
0 1 3131
0 1 3135
0 1 3136
0 1 3138
0 1 3139
0 1 3150
0 1 3153
0 1 3155
0 1 3156
0 1 3159
0 1 3161
0 1 3162
0 1 3163
0 1 3164
0 1 3171
0 1 3175
0 1 3176
0 1 3177
0 1 3179
0 1 3183
0 1 3184
0 1 3185
0 1 3189
0 1 3190
0 1 3193
0 1 3194
0 1 3206
0 1 3207
0 1 3208
0 1 3210
0 1 3220
0 1 3221
0 1 3222
0 1 3223
0 1 3224
0 1 3227
0 1 3234
0 1 3236
0 1 3240
0 1 3242
0 1 3244
0 1 3247
0 1 3249
0 1 3256
0 1 3257
0 1 3258
0 1 3261
0 1 3265
0 1 3267
0 1 3277
0 1 3278
0 1 3280
0 1 3290
0 1 3291
0 1 3293
0 1 3305
0 1 3307
0 1 3310
0 1 3311
0 1 3312
0 1 3314
0 1 3317
0 1 3319
0 1 3321
0 1 3322
0 1 3324
0 1 3329
0 1 3332
0 1 3335
0 1 3336
0 1 3340
0 1 3341
0 1 3342
0 1 3346
0 1 3349
0 1 3351
0 1 3353
0 1 3356
0 1 3357
0 1 3358
0 1 3361
0 1 3364
0 1 3365
0 1 3367
0 1 3370
0 1 3372
0 1 3373
0 1 3374
0 1 3376
0 1 3379
0 1 3380
0 1 3381
0 1 3390
0 1 3391
0 1 3392
0 1 3397
0 1 3398
0 1 3401
0 1 3402
0 1 3406
0 1 3411
0 1 3415
0 1 3416
0 1 3419
0 1 3420
0 1 3421
0 1 3422
0 1 3424
0 1 3425
0 1 3430
0 1 3436
0 1 3438
0 1 3440
0 1 3452
0 1 3458
0 1 3461
0 1 3465
0 1 3469
0 1 3476
0 1 3477
0 1 3479
0 1 3481
0 1 3482
0 1 3483
0 1 3485
0 1 3489
0 1 3490
0 1 3494
0 1 3498
0 1 3500
0 1 3501
0 1 3504
0 1 3508
0 1 3509
0 1 3516
0 1 3518
0 1 3520
0 1 3526
0 1 3527
0 1 3530
0 1 3532
0 1 3541
0 1 3548
0 1 3549
0 1 3550
0 1 3551
0 1 3553
0 1 3559
0 1 3561
0 1 3562
0 1 3565
0 1 3566
0 1 3568
0 1 3570
0 1 3573
0 1 3574
0 1 3575
0 1 3577
0 1 3579
0 1 3580
0 1 3588
0 1 3592
0 1 3595
0 1 3596
0 1 3597
0 1 3598
0 1 3599
0 1 3600
0 1 3603
0 1 3604
0 1 3606
0 1 3607
0 1 3609
0 1 3610
0 1 3612
0 1 3615
0 1 3618
0 1 3621
0 1 3622
0 1 3628
0 1 3629
0 1 3634
0 1 3635
0 1 3638
0 1 3641
0 1 3643
0 1 3646
0 1 3649
0 1 3650
0 1 3651
0 1 3654
0 1 3657
0 1 3658
0 1 3660
0 1 3664
0 1 3669
0 1 3672
0 1 3673
0 1 3677
0 1 3679
0 1 3687
0 1 3689
0 1 3690
0 1 3691
0 1 3692
0 1 3704
0 1 3705
0 1 3706
0 1 3711
0 1 3715
0 1 3716
0 1 3717
0 1 3727
0 1 3728
0 1 3730
0 1 3731
0 1 3734
0 1 3735
0 1 3737
0 1 3739
0 1 3742
0 1 3743
0 1 3744
0 1 3745
0 1 3747
0 1 3748
0 1 3752
0 1 3753
0 1 3757
0 1 3758
0 1 3760
0 1 3762
0 1 3763
0 1 3764
0 1 3769
0 1 3770
0 1 3771
0 1 3773
0 1 3778
0 1 3784
0 1 3785
0 1 3788
0 1 3789
0 1 3790
0 1 3796
0 1 3799
0 1 3801
0 1 3802
0 1 3803
0 1 3805
0 1 3807
0 1 3808
0 1 3809
0 1 3813
0 1 3816
0 1 3817
0 1 3826
0 1 3827
0 1 3829
0 1 3830
0 1 3831
0 1 3833
0 1 3835
0 1 3836
0 1 3837
0 1 3838
0 1 3841
0 1 3846
0 1 3847
0 1 3850
0 1 3851
0 1 3855
0 1 3856
0 1 3857
0 1 3860
0 1 3864
0 1 3865
0 1 3871
0 1 3874
0 1 3880
0 1 3892
0 1 3893
0 1 3896
0 1 3898
0 1 3904
0 1 3908
0 1 3909
0 1 3911
0 1 3913
0 1 3916
0 1 3921
0 1 3924
0 1 3925
0 1 3928
0 1 3929
0 1 3933
0 1 3937
0 1 3943
0 1 3948
0 1 3953
0 1 3955
0 1 3957
0 1 3958
0 1 3961
0 1 3964
0 1 3967
0 1 3969
0 1 3971
0 1 3972
0 1 3973
0 1 3975
0 1 3978
0 1 3980
0 1 3983
0 1 3987
0 1 3989
0 1 3991
0 1 3993
0 1 3994
0 1 3995
0 1 4000
0 1 4004
0 1 4005
0 1 4006
0 1 4008
0 1 4011
0 1 4016
0 1 4017
0 1 4023
0 1 4024
0 1 4025
0 1 4026
0 1 4029
0 1 4032
0 1 4033
0 1 4034
0 1 4035
0 1 4037
0 1 4038
0 1 4040
0 1 4043
0 1 4051
0 1 4052
0 1 4053
0 1 4054
0 1 4055
0 1 4057
0 1 4060
0 1 4066
0 1 4068
0 1 4072
0 1 4075
0 1 4077
0 1 4078
0 1 4080
0 1 4083
0 1 4087
0 1 4088
0 1 4090
0 1 4093
0 1 4095
0 1 4096
0 1 4097
0 1 4100
0 1 4104
0 1 4105
0 1 4119
0 1 4121
0 1 4124
0 1 4126
0 1 4132
0 1 4133
0 1 4134
0 1 4135
0 1 4136
0 1 4138
0 1 4139
0 1 4145
0 1 4146
0 1 4149
0 1 4152
0 1 4154
0 1 4157
0 1 4158
0 1 4160
0 1 4161
0 1 4162
0 1 4165
0 1 4166
0 1 4167
0 1 4168
0 1 4169
0 1 4170
0 1 4173
0 1 4177
0 1 4178
0 1 4184
0 1 4187
0 1 4188
0 1 4189
0 1 4192
0 1 4194
0 1 4198
0 1 4199
0 1 4204
0 1 4205
0 1 4207
0 1 4208
0 1 4210
0 1 4211
0 1 4212
0 1 4215
0 1 4217
0 1 4219
0 1 4221
0 1 4224
0 1 4229
0 1 4231
0 1 4232
0 1 4233
0 1 4235
0 1 4238
0 1 4242
0 1 4246
0 1 4247
0 1 4249
0 1 4250
0 1 4251
0 1 4253
0 1 4257
0 1 4259
0 1 4262
0 1 4263
0 1 4264
0 1 4271
0 1 4274
0 1 4280
0 1 4281
0 1 4291
0 1 4295
0 1 4297
0 1 4300
0 1 4301
0 1 4302
0 1 4306
0 1 4307
0 1 4309
0 1 4310
0 1 4316
0 1 4322
0 1 4324
0 1 4325
0 1 4326
0 1 4330
0 1 4332
0 1 4336
0 1 4337
0 1 4341
0 1 4342
0 1 4343
0 1 4348
0 1 4354
0 1 4358
0 1 4361
0 1 4364
0 1 4368
0 1 4370
0 1 4371
0 1 4373
0 1 4374
0 1 4376
0 1 4379
0 1 4380
0 1 4382
0 1 4383
0 1 4390
0 1 4395
0 1 4398
0 1 4404
0 1 4416
0 1 4419
0 1 4424
0 1 4426
0 1 4434
0 1 4436
0 1 4444
0 1 4446
0 1 4447
0 1 4449
0 1 4452
0 1 4458
0 1 4464
0 1 4465
0 1 4466
0 1 4472
0 1 4476
0 1 4477
0 1 4479
0 1 4482
0 1 4483
0 1 4488
0 1 4489
0 1 4492
0 1 4494
0 1 4496
0 1 4497
0 1 4498
0 1 4501
0 1 4508
0 1 4509
0 1 4510
0 1 4514
0 1 4517
0 1 4520
0 1 4523
0 1 4524
0 1 4530
0 1 4531
0 1 4534
0 1 4541
0 1 4544
0 1 4546
0 1 4548
0 1 4556
0 1 4557
0 1 4560
0 1 4561
0 1 4564
0 1 4569
0 1 4570
0 1 4571
0 1 4572
0 1 4574
0 1 4576
0 1 4577
0 1 4582
0 1 4583
0 1 4584
0 1 4587
0 1 4588
0 1 4591
0 1 4592
0 1 4599
0 1 4601
0 1 4606
0 1 4608
0 1 4610
0 1 4612
0 1 4614
0 1 4616
0 1 4624
0 1 4625
0 1 4629
0 1 4631
0 1 4632
0 1 4633
0 1 4634
0 1 4637
0 1 4639
0 1 4640
0 1 4644
0 1 4646
0 1 4648
0 1 4649
0 1 4650
0 1 4656
0 1 4657
0 1 4666
0 1 4667
0 1 4669
0 1 4670
0 1 4674
0 1 4684
0 1 4687
0 1 4689
0 1 4691
0 1 4692
0 1 4693
0 1 4696
0 1 4697
0 1 4707
0 1 4708
0 1 4712
0 1 4713
0 1 4715
0 1 4717
0 1 4718
0 1 4719
0 1 4728
0 1 4729
0 1 4730
0 1 4731
0 1 4732
0 1 4735
0 1 4738
0 1 4742
0 1 4743
0 1 4744
0 1 4745
0 1 4750
0 1 4752
0 1 4753
0 1 4755
0 1 4759
0 1 4762
0 1 4763
0 1 4765
0 1 4767
0 1 4768
0 1 4769
0 1 4771
0 1 4772
0 1 4775
0 1 4777
0 1 4778
0 1 4779
0 1 4782
0 1 4784
0 1 4786
0 1 4794
0 1 4798
0 1 4800
0 1 4808
0 1 4810
0 1 4813
0 1 4822
0 1 4823
0 1 4826
0 1 4828
0 1 4832
0 1 4833
0 1 4836
0 1 4838
0 1 4839
0 1 4840
0 1 4843
0 1 4844
0 1 4847
0 1 4850
0 1 4851
0 1 4852
0 1 4856
0 1 4858
0 1 4859
0 1 4861
0 1 4863
0 1 4865
0 1 4868
0 1 4869
0 1 4870
0 1 4875
0 1 4883
0 1 4884
0 1 4886
0 1 4887
0 1 4888
0 1 4890
0 1 4895
0 1 4896
0 1 4900
0 1 4903
0 1 4905
0 1 4907
0 1 4909
0 1 4910
0 1 4911
0 1 4914
0 1 4916
0 1 4921
0 1 4924
0 1 4929
0 1 4932
0 1 4937
0 1 4939
0 1 4943
0 1 4948
0 1 4951
0 1 4952
0 1 4954
0 1 4959
0 1 4963
0 1 4964
0 1 4971
0 1 4976
0 1 4977
0 1 4978
0 1 4983
0 1 4987
0 1 4993
0 1 4995
0 1 4999
0 1 5000
0 1 5001
0 1 5004
0 1 5007
0 1 5008
0 1 5009
0 1 5010
0 1 5011
0 1 5012
0 1 5014
0 1 5016
0 1 5018
0 1 5019
0 1 5020
0 1 5022
0 1 5025
0 1 5028
0 1 5029
0 1 5032
0 1 5033
0 1 5034
0 1 5035
0 1 5036
0 1 5038
0 1 5039
0 1 5041
0 1 5042
0 1 5044
0 1 5048
0 1 5050
0 1 5052
0 1 5053
0 1 5056
0 1 5057
0 1 5060
0 1 5066
0 1 5067
0 1 5068
0 1 5069
0 1 5070
0 1 5071
0 1 5076
0 1 5083
0 1 5087
0 1 5088
0 1 5089
0 1 5090
0 1 5095
0 1 5097
0 1 5098
0 1 5103
0 1 5108
0 1 5114
0 1 5117
0 1 5118
0 1 5125
0 1 5128
0 1 5129
0 1 5131
0 1 5132
0 1 5135
0 1 5136
0 1 5137
0 1 5139
0 1 5141
0 1 5142
0 1 5144
0 1 5145
0 1 5148
0 1 5150
0 1 5155
0 1 5157
0 1 5158
0 1 5165
0 1 5169
0 1 5174
0 1 5176
0 1 5178
0 1 5179
0 1 5180
0 1 5181
0 1 5182
0 1 5188
0 1 5189
0 1 5200
0 1 5206
0 1 5208
0 1 5212
0 1 5215
0 1 5219
0 1 5220
0 1 5223
0 1 5225
0 1 5227
0 1 5231
0 1 5232
0 1 5237
0 1 5239
0 1 5241
0 1 5243
0 1 5244
0 1 5246
0 1 5251
0 1 5254
0 1 5255
0 1 5256
0 1 5257
0 1 5260
0 1 5261
0 1 5264
0 1 5268
0 1 5269
0 1 5274
0 1 5278
0 1 5279
0 1 5280
0 1 5283
0 1 5284
0 1 5286
0 1 5290
0 1 5292
0 1 5293
0 1 5295
0 1 5298
0 1 5301
0 1 5308
0 1 5314
0 1 5315
0 1 5317
0 1 5318
0 1 5324
0 1 5327
0 1 5328
0 1 5331
0 1 5332
0 1 5333
0 1 5334
0 1 5336
0 1 5338
0 1 5339
0 1 5343
0 1 5345
0 1 5346
0 1 5350
0 1 5356
0 1 5357
0 1 5358
0 1 5361
0 1 5364
0 1 5368
0 1 5369
0 1 5371
0 1 5373
0 1 5376
0 1 5381
0 1 5382
0 1 5383
0 1 5384
0 1 5385
0 1 5386
0 1 5390
0 1 5401
0 1 5402
0 1 5403
0 1 5411
0 1 5413
0 1 5415
0 1 5416
0 1 5419
0 1 5428
0 1 5430
0 1 5437
0 1 5438
0 1 5439
0 1 5441
0 1 5442
0 1 5443
0 1 5446
0 1 5447
0 1 5449
0 1 5454
0 1 5456
0 1 5458
0 1 5459
0 1 5461
0 1 5462
0 1 5466
0 1 5467
0 1 5468
0 1 5470
0 1 5475
0 1 5477
0 1 5478
0 1 5479
0 1 5488
0 1 5491
0 1 5496
0 1 5499
0 1 5500
0 1 5504
0 1 5505
0 1 5507
0 1 5508
0 1 5512
0 1 5519
0 1 5520
0 1 5521
0 1 5522
0 1 5525
0 1 5527
0 1 5528
0 1 5529
0 1 5530
0 1 5532
0 1 5533
0 1 5534
0 1 5537
0 1 5539
0 1 5540
0 1 5543
0 1 5544
0 1 5548
0 1 5549
0 1 5551
0 1 5555
0 1 5557
0 1 5559
0 1 5560
0 1 5566
0 1 5567
0 1 5570
0 1 5573
0 1 5575
0 1 5577
0 1 5580
0 1 5590
0 1 5595
0 1 5597
0 1 5598
0 1 5599
0 1 5601
0 1 5603
0 1 5605
0 1 5606
0 1 5607
0 1 5609
0 1 5611
0 1 5613
0 1 5619
0 1 5621
0 1 5622
0 1 5625
0 1 5626
0 1 5627
0 1 5628
0 1 5630
0 1 5634
0 1 5635
0 1 5636
0 1 5637
0 1 5638
0 1 5640
0 1 5641
0 1 5643
0 1 5644
0 1 5645
0 1 5646
0 1 5649
0 1 5652
0 1 5655
0 1 5657
0 1 5662
0 1 5664
0 1 5672
0 1 5673
0 1 5674
0 1 5675
0 1 5677
0 1 5679
0 1 5680
0 1 5681
0 1 5682
0 1 5687
0 1 5689
0 1 5694
0 1 5699
0 1 5704
0 1 5706
0 1 5707
0 1 5710
0 1 5712
0 1 5715
0 1 5719
0 1 5724
0 1 5725
0 1 5726
0 1 5728
0 1 5729
0 1 5731
0 1 5734
0 1 5736
0 1 5737
0 1 5738
0 1 5740
0 1 5741
0 1 5744
0 1 5745
0 1 5746
0 1 5747
0 1 5749
0 1 5754
0 1 5755
0 1 5756
0 1 5759
0 1 5760
0 1 5763
0 1 5764
0 1 5767
0 1 5771
0 1 5777
0 1 5780
0 1 5782
0 1 5786
0 1 5790
0 1 5791
0 1 5796
0 1 5798
0 1 5799
0 1 5801
0 1 5803
0 1 5809
0 1 5810
0 1 5811
0 1 5812
0 1 5813
0 1 5817
0 1 5818
0 1 5819
0 1 5821
0 1 5823
0 1 5825
0 1 5826
0 1 5830
0 1 5831
0 1 5833
0 1 5834
0 1 5835
0 1 5836
0 1 5837
0 1 5838
0 1 5843
0 1 5845
0 1 5849
0 1 5854
0 1 5855
0 1 5856
0 1 5858
0 1 5861
0 1 5863
0 1 5864
0 1 5865
0 1 5868
0 1 5872
0 1 5879
0 1 5880
0 1 5881
0 1 5882
0 1 5885
0 1 5887
0 1 5888
0 1 5889
0 1 5890
0 1 5892
0 1 5897
0 1 5899
0 1 5902
0 1 5903
0 1 5904
0 1 5905
0 1 5907
0 1 5909
0 1 5914
0 1 5917
0 1 5918
0 1 5919
0 1 5921
0 1 5925
0 1 5927
0 1 5928
0 1 5930
0 1 5931
0 1 5932
0 1 5934
0 1 5935
0 1 5936
0 1 5937
0 1 5938
0 1 5939
0 1 5941
0 1 5942
0 1 5944
0 1 5949
0 1 5954
0 1 5956
0 1 5958
0 1 5959
0 1 5962
0 1 5964
0 1 5969
0 1 5971
0 1 5972
0 1 5976
0 1 5978
0 1 5982
0 1 5985
0 1 5989
0 1 5990
0 1 5995
0 1 5996
0 1 5997
0 1 5999
0 1 6002
0 1 6004
0 1 6005
0 1 6006
0 1 6008
0 1 6009
0 1 6013
0 1 6019
0 1 6020
0 1 6021
0 1 6022
0 1 6026
0 1 6031
0 1 6037
0 1 6038
0 1 6042
0 1 6047
0 1 6048
0 1 6052
0 1 6056
0 1 6057
0 1 6061
0 1 6072
0 1 6074
0 1 6076
0 1 6079
0 1 6080
0 1 6081
0 1 6083
0 1 6084
0 1 6087
0 1 6091
0 1 6092
0 1 6093
0 1 6098
0 1 6106
0 1 6107
0 1 6108
0 1 6109
0 1 6111
0 1 6114
0 1 6115
0 1 6116
0 1 6119
0 1 6122
0 1 6123
0 1 6124
0 1 6126
0 1 6127
0 1 6135
0 1 6136
0 1 6139
0 1 6140
0 1 6144
0 1 6148
0 1 6149
0 1 6150
0 1 6160
0 1 6161
0 1 6164
0 1 6167
0 1 6169
0 1 6170
0 1 6173
0 1 6179
0 1 6181
0 1 6184
0 1 6185
0 1 6195
0 1 6197
0 1 6201
0 1 6202
0 1 6206
0 1 6208
0 1 6209
0 1 6210
0 1 6214
0 1 6219
0 1 6224
0 1 6225
0 1 6227
0 1 6231
0 1 6235
0 1 6236
0 1 6237
0 1 6238
0 1 6242
0 1 6243
0 1 6254
0 1 6259
0 1 6262
0 1 6263
0 1 6265
0 1 6270
0 1 6272
0 1 6283
0 1 6286
0 1 6287
0 1 6291
0 1 6292
0 1 6295
0 1 6298
0 1 6299
0 1 6300
0 1 6301
0 1 6306
0 1 6307
0 1 6310
0 1 6313
0 1 6314
0 1 6315
0 1 6316
0 1 6319
0 1 6320
0 1 6321
0 1 6323
0 1 6325
0 1 6327
0 1 6329
0 1 6335
0 1 6337
0 1 6340
0 1 6345
0 1 6349
0 1 6352
0 1 6359
0 1 6360
0 1 6365
0 1 6367
0 1 6369
0 1 6375
0 1 6377
0 1 6378
0 1 6379
0 1 6382
0 1 6384
0 1 6385
0 1 6390
0 1 6391
0 1 6392
0 1 6397
0 1 6401
0 1 6403
0 1 6404
0 1 6411
0 1 6413
0 1 6415
0 1 6420
0 1 6423
0 1 6424
0 1 6433
0 1 6438
0 1 6440
0 1 6442
0 1 6443
0 1 6448
0 1 6449
0 1 6456
0 1 6461
0 1 6462
0 1 6464
0 1 6466
0 1 6469
0 1 6470
0 1 6479
0 1 6482
0 1 6483
0 1 6485
0 1 6486
0 1 6488
0 1 6489
0 1 6490
0 1 6492
0 1 6493
0 1 6496
0 1 6501
0 1 6505
0 1 6507
0 1 6510
0 1 6513
0 1 6514
0 1 6518
0 1 6519
0 1 6521
0 1 6526
0 1 6528
0 1 6530
0 1 6531
0 1 6535
0 1 6538
0 1 6541
0 1 6543
0 1 6546
0 1 6552
0 1 6554
0 1 6555
0 1 6558
0 1 6559
0 1 6560
0 1 6561
0 1 6562
0 1 6563
0 1 6567
0 1 6569
0 1 6571
0 1 6572
0 1 6575
0 1 6576
0 1 6578
0 1 6579
0 1 6582
0 1 6583
0 1 6584
0 1 6589
0 1 6594
0 1 6595
0 1 6598
0 1 6600
0 1 6603
0 1 6607
0 1 6610
0 1 6612
0 1 6613
0 1 6614
0 1 6615
0 1 6616
0 1 6618
0 1 6621
0 1 6623
0 1 6626
0 1 6627
0 1 6628
0 1 6629
0 1 6630
0 1 6631
0 1 6633
0 1 6635
0 1 6636
0 1 6640
0 1 6647
0 1 6651
0 1 6655
0 1 6661
0 1 6662
0 1 6663
0 1 6669
0 1 6671
0 1 6672
0 1 6673
0 1 6675
0 1 6680
0 1 6681
0 1 6682
0 1 6685
0 1 6686
0 1 6692
0 1 6694
0 1 6697
0 1 6699
0 1 6702
0 1 6706
0 1 6709
0 1 6710
0 1 6711
0 1 6712
0 1 6713
0 1 6714
0 1 6722
0 1 6723
0 1 6724
0 1 6726
0 1 6727
0 1 6728
0 1 6730
0 1 6733
0 1 6737
0 1 6739
0 1 6740
0 1 6744
0 1 6748
0 1 6753
0 1 6755
0 1 6761
0 1 6766
0 1 6769
0 1 6771
0 1 6774
0 1 6775
0 1 6782
0 1 6783
0 1 6784
0 1 6793
0 1 6795
0 1 6796
0 1 6797
0 1 6802
0 1 6803
0 1 6804
0 1 6805
0 1 6808
0 1 6809
0 1 6811
0 1 6816
0 1 6817
0 1 6818
0 1 6819
0 1 6820
0 1 6822
0 1 6824
0 1 6826
0 1 6827
0 1 6829
0 1 6832
0 1 6835
0 1 6838
0 1 6839
0 1 6840
0 1 6841
0 1 6842
0 1 6846
0 1 6847
0 1 6848
0 1 6850
0 1 6852
0 1 6854
0 1 6856
0 1 6857
0 1 6862
0 1 6865
0 1 6866
0 1 6868
0 1 6872
0 1 6874
0 1 6876
0 1 6877
0 1 6878
0 1 6881
0 1 6891
0 1 6892
0 1 6897
0 1 6898
0 1 6903
0 1 6907
0 1 6908
0 1 6911
0 1 6912
0 1 6913
0 1 6914
0 1 6915
0 1 6917
0 1 6918
0 1 6921
0 1 6925
0 1 6926
0 1 6931
0 1 6932
0 1 6933
0 1 6934
0 1 6937
0 1 6938
0 1 6939
0 1 6944
0 1 6945
0 1 6949
0 1 6950
0 1 6955
0 1 6957
0 1 6959
0 1 6969
0 1 6976
0 1 6977
0 1 6982
0 1 6984
0 1 6989
0 1 6990
0 1 6992
0 1 6994
0 1 6995
0 1 6996
0 1 6997
0 1 6998
0 1 7000
0 1 7002
0 1 7003
0 1 7005
0 1 7007
0 1 7008
0 1 7009
0 1 7013
0 1 7016
0 1 7017
0 1 7022
0 1 7023
0 1 7024
0 1 7025
0 1 7026
0 1 7027
0 1 7029
0 1 7030
0 1 7031
0 1 7034
0 1 7035
0 1 7038
0 1 7044
0 1 7047
0 1 7048
0 1 7049
0 1 7050
0 1 7051
0 1 7054
0 1 7061
0 1 7063
0 1 7064
0 1 7067
0 1 7071
0 1 7073
0 1 7074
0 1 7075
0 1 7076
0 1 7079
0 1 7080
0 1 7082
0 1 7084
0 1 7087
0 1 7089
0 1 7092
0 1 7095
0 1 7096
0 1 7097
0 1 7099
0 1 7101
0 1 7104
0 1 7106
0 1 7108
0 1 7111
0 1 7112
0 1 7114
0 1 7115
0 1 7122
0 1 7123
0 1 7127
0 1 7129
0 1 7131
0 1 7134
0 1 7137
0 1 7138
0 1 7139
0 1 7141
0 1 7143
0 1 7146
0 1 7149
0 1 7152
0 1 7153
0 1 7156
0 1 7158
0 1 7159
0 1 7163
0 1 7164
0 1 7166
0 1 7168
0 1 7171
0 1 7172
0 1 7174
0 1 7176
0 1 7177
0 1 7180
0 1 7181
0 1 7184
0 1 7190
0 1 7192
0 1 7193
0 1 7197
0 1 7199
0 1 7200
0 1 7203
0 1 7207
0 1 7209
0 1 7210
0 1 7211
0 1 7216
0 1 7217
0 1 7225
0 1 7228
0 1 7229
0 1 7230
0 1 7231
0 1 7232
0 1 7234
0 1 7235
0 1 7241
0 1 7242
0 1 7247
0 1 7259
0 1 7263
0 1 7266
0 1 7271
0 1 7273
0 1 7275
0 1 7276
0 1 7277
0 1 7281
0 1 7283
0 1 7284
0 1 7289
0 1 7290
0 1 7299
0 1 7302
0 1 7304
0 1 7305
0 1 7307
0 1 7309
0 1 7311
0 1 7312
0 1 7313
0 1 7314
0 1 7316
0 1 7319
0 1 7320
0 1 7324
0 1 7327
0 1 7329
0 1 7333
0 1 7336
0 1 7338
0 1 7342
0 1 7346
0 1 7349
0 1 7354
0 1 7357
0 1 7358
0 1 7360
0 1 7362
0 1 7365
0 1 7366
0 1 7369
0 1 7373
0 1 7374
0 1 7375
0 1 7377
0 1 7380
0 1 7381
0 1 7385
0 1 7386
0 1 7388
0 1 7391
0 1 7392
0 1 7395
0 1 7400
0 1 7402
0 1 7403
0 1 7405
0 1 7406
0 1 7408
0 1 7415
0 1 7420
0 1 7421
0 1 7422
0 1 7425
0 1 7426
0 1 7427
0 1 7429
0 1 7433
0 1 7437
0 1 7439
0 1 7441
0 1 7450
0 1 7452
0 1 7456
0 1 7463
0 1 7467
0 1 7472
0 1 7473
0 1 7477
0 1 7479
0 1 7482
0 1 7483
0 1 7484
0 1 7486
0 1 7488
0 1 7492
0 1 7493
0 1 7498
0 1 7499
0 1 7500
0 1 7502
0 1 7504
0 1 7505
0 1 7506
0 1 7507
0 1 7508
0 1 7509
0 1 7514
0 1 7515
0 1 7517
0 1 7518
0 1 7523
0 1 7524
0 1 7525
0 1 7531
0 1 7532
0 1 7533
0 1 7534
0 1 7538
0 1 7542
0 1 7543
0 1 7545
0 1 7546
0 1 7549
0 1 7552
0 1 7553
0 1 7554
0 1 7558
0 1 7559
0 1 7560
0 1 7561
0 1 7563
0 1 7565
0 1 7566
0 1 7567
0 1 7569
0 1 7572
0 1 7574
0 1 7575
0 1 7578
0 1 7585
0 1 7588
0 1 7595
0 1 7600
0 1 7601
0 1 7606
0 1 7607
0 1 7609
0 1 7610
0 1 7612
0 1 7613
0 1 7614
0 1 7615
0 1 7620
0 1 7623
0 1 7625
0 1 7626
0 1 7629
0 1 7631
0 1 7634
0 1 7635
0 1 7636
0 1 7637
0 1 7640
0 1 7641
0 1 7645
0 1 7646
0 1 7647
0 1 7648
0 1 7652
0 1 7661
0 1 7664
0 1 7667
0 1 7670
0 1 7671
0 1 7672
0 1 7673
0 1 7675
0 1 7677
0 1 7678
0 1 7680
0 1 7688
0 1 7689
0 1 7690
0 1 7692
0 1 7696
0 1 7701
0 1 7703
0 1 7704
0 1 7707
0 1 7708
0 1 7714
0 1 7717
0 1 7719
0 1 7721
0 1 7722
0 1 7723
0 1 7726
0 1 7729
0 1 7730
0 1 7735
0 1 7738
0 1 7744
0 1 7745
0 1 7749
0 1 7750
0 1 7751
0 1 7753
0 1 7755
0 1 7756
0 1 7758
0 1 7759
0 1 7762
0 1 7765
0 1 7766
0 1 7770
0 1 7773
0 1 7775
0 1 7776
0 1 7777
0 1 7779
0 1 7783
0 1 7786
0 1 7788
0 1 7791
0 1 7792
0 1 7794
0 1 7799
0 1 7804
0 1 7807
0 1 7809
0 1 7810
0 1 7812
0 1 7814
0 1 7816
0 1 7817
0 1 7820
0 1 7824
0 1 7826
0 1 7827
0 1 7829
0 1 7831
0 1 7833
0 1 7836
0 1 7838
0 1 7841
0 1 7842
0 1 7844
0 1 7845
0 1 7853
0 1 7854
0 1 7857
0 1 7859
0 1 7860
0 1 7861
0 1 7866
0 1 7867
0 1 7868
0 1 7872
0 1 7873
0 1 7874
0 1 7875
0 1 7877
0 1 7889
0 1 7891
0 1 7896
0 1 7897
0 1 7900
0 1 7901
0 1 7902
0 1 7910
0 1 7911
0 1 7913
0 1 7914
0 1 7915
0 1 7919
0 1 7921
0 1 7922
0 1 7923
0 1 7924
0 1 7925
0 1 7926
0 1 7928
0 1 7932
0 1 7934
0 1 7935
0 1 7938
0 1 7940
0 1 7942
0 1 7943
0 1 7947
0 1 7952
0 1 7957
0 1 7961
0 1 7963
0 1 7964
0 1 7974
0 1 7976
0 1 7978
0 1 7983
0 1 7987
0 1 7989
0 1 7991
0 1 7993
0 1 7994
0 1 7995
0 1 7997
0 1 7999
0 1 8000
0 1 8009
0 1 8010
0 1 8012
0 1 8013
0 1 8014
0 1 8015
0 1 8018
0 1 8020
0 1 8024
0 1 8026
0 1 8027
0 1 8031
0 1 8033
0 1 8040
0 1 8045
0 1 8046
0 1 8047
0 1 8048
0 1 8050
0 1 8051
0 1 8055
0 1 8057
0 1 8059
0 1 8065
0 1 8067
0 1 8070
0 1 8073
0 1 8075
0 1 8087
0 1 8090
0 1 8093
0 1 8096
0 1 8099
0 1 8100
0 1 8104
0 1 8105
0 1 8106
0 1 8111
0 1 8114
0 1 8115
0 1 8116
0 1 8129
0 1 8132
0 1 8135
0 1 8137
0 1 8139
0 1 8142
0 1 8143
0 1 8144
0 1 8148
0 1 8150
0 1 8152
0 1 8157
0 1 8159
0 1 8163
0 1 8168
0 1 8170
0 1 8174
0 1 8175
0 1 8178
0 1 8179
0 1 8183
0 1 8185
0 1 8186
0 1 8187
0 1 8188
0 1 8192
0 1 8195
0 1 8209
0 1 8211
0 1 8217
0 1 8218
0 1 8219
0 1 8220
0 1 8221
0 1 8222
0 1 8226
0 1 8227
0 1 8233
0 1 8235
0 1 8236
0 1 8238
0 1 8239
0 1 8241
0 1 8246
0 1 8247
0 1 8248
0 1 8249
0 1 8251
0 1 8252
0 1 8254
0 1 8255
0 1 8260
0 1 8262
0 1 8265
0 1 8266
0 1 8267
0 1 8271
0 1 8272
0 1 8273
0 1 8275
0 1 8279
0 1 8284
0 1 8285
0 1 8290
0 1 8298
0 1 8300
0 1 8301
0 1 8305
0 1 8309
0 1 8313
0 1 8316
0 1 8317
0 1 8319
0 1 8320
0 1 8325
0 1 8326
0 1 8327
0 1 8331
0 1 8343
0 1 8345
0 1 8349
0 1 8350
0 1 8353
0 1 8354
0 1 8363
0 1 8364
0 1 8366
0 1 8368
0 1 8378
0 1 8379
0 1 8382
0 1 8385
0 1 8391
0 1 8392
0 1 8394
0 1 8397
0 1 8398
0 1 8399
0 1 8401
0 1 8403
0 1 8404
0 1 8409
0 1 8410
0 1 8411
0 1 8412
0 1 8417
0 1 8422
0 1 8423
0 1 8425
0 1 8426
0 1 8427
0 1 8430
0 1 8432
0 1 8434
0 1 8438
0 1 8439
0 1 8442
0 1 8443
0 1 8444
0 1 8448
0 1 8451
0 1 8454
0 1 8456
0 1 8457
0 1 8458
0 1 8462
0 1 8463
0 1 8467
0 1 8470
0 1 8473
0 1 8474
0 1 8475
0 1 8478
0 1 8480
0 1 8481
0 1 8482
0 1 8485
0 1 8487
0 1 8488
0 1 8491
0 1 8492
0 1 8494
0 1 8495
0 1 8496
0 1 8497
0 1 8505
0 1 8506
0 1 8508
0 1 8509
0 1 8513
0 1 8514
0 1 8515
0 1 8518
0 1 8519
0 1 8520
0 1 8521
0 1 8524
0 1 8526
0 1 8531
0 1 8533
0 1 8534
0 1 8535
0 1 8536
0 1 8545
0 1 8552
0 1 8556
0 1 8557
0 1 8559
0 1 8564
0 1 8571
0 1 8572
0 1 8578
0 1 8579
0 1 8581
0 1 8582
0 1 8584
0 1 8586
0 1 8590
0 1 8591
0 1 8592
0 1 8593
0 1 8595
0 1 8597
0 1 8598
0 1 8599
0 1 8603
0 1 8607
0 1 8608
0 1 8611
0 1 8612
0 1 8613
0 1 8616
0 1 8618
0 1 8620
0 1 8622
0 1 8623
0 1 8626
0 1 8627
0 1 8628
0 1 8630
0 1 8633
0 1 8635
0 1 8636
0 1 8643
0 1 8647
0 1 8648
0 1 8650
0 1 8652
0 1 8654
0 1 8655
0 1 8659
0 1 8660
0 1 8663
0 1 8670
0 1 8671
0 1 8673
0 1 8676
0 1 8677
0 1 8678
0 1 8679
0 1 8682
0 1 8685
0 1 8686
0 1 8688
0 1 8689
0 1 8690
0 1 8691
0 1 8693
0 1 8697
0 1 8706
0 1 8707
0 1 8709
0 1 8711
0 1 8713
0 1 8717
0 1 8719
0 1 8720
0 1 8721
0 1 8723
0 1 8724
0 1 8730
0 1 8732
0 1 8733
0 1 8734
0 1 8740
0 1 8742
0 1 8743
0 1 8745
0 1 8747
0 1 8750
0 1 8753
0 1 8754
0 1 8755
0 1 8756
0 1 8757
0 1 8759
0 1 8760
0 1 8765
0 1 8773
0 1 8775
0 1 8777
0 1 8778
0 1 8787
0 1 8791
0 1 8793
0 1 8794
0 1 8795
0 1 8796
0 1 8798
0 1 8800
0 1 8801
0 1 8802
0 1 8803
0 1 8808
0 1 8809
0 1 8810
0 1 8814
0 1 8815
0 1 8816
0 1 8820
0 1 8823
0 1 8824
0 1 8825
0 1 8826
0 1 8827
0 1 8828
0 1 8835
0 1 8837
0 1 8838
0 1 8839
0 1 8840
0 1 8842
0 1 8843
0 1 8844
0 1 8846
0 1 8847
0 1 8852
0 1 8853
0 1 8854
0 1 8859
0 1 8864
0 1 8865
0 1 8868
0 1 8869
0 1 8872
0 1 8876
0 1 8883
0 1 8884
0 1 8885
0 1 8887
0 1 8888
0 1 8889
0 1 8890
0 1 8891
0 1 8892
0 1 8893
0 1 8896
0 1 8897
0 1 8898
0 1 8899
0 1 8901
0 1 8904
0 1 8908
0 1 8909
0 1 8911
0 1 8912
0 1 8913
0 1 8915
0 1 8918
0 1 8925
0 1 8928
0 1 8930
0 1 8935
0 1 8936
0 1 8937
0 1 8940
0 1 8943
0 1 8944
0 1 8947
0 1 8948
0 1 8950
0 1 8951
0 1 8955
0 1 8960
0 1 8965
0 1 8970
0 1 8971
0 1 8973
0 1 8976
0 1 8977
0 1 8978
0 1 8979
0 1 8982
0 1 8986
0 1 8988
0 1 8989
0 1 8990
0 1 8991
0 1 8994
0 1 8997
0 1 8998
0 1 9002
0 1 9005
0 1 9007
0 1 9010
0 1 9014
0 1 9016
0 1 9017
0 1 9019
0 1 9020
0 1 9021
0 1 9026
0 1 9029
0 1 9034
0 1 9036
0 1 9041
0 1 9042
0 1 9043
0 1 9044
0 1 9048
0 1 9049
0 1 9051
0 1 9052
0 1 9053
0 1 9054
0 1 9055
0 1 9058
0 1 9059
0 1 9060
0 1 9063
0 1 9064
0 1 9066
0 1 9067
0 1 9068
0 1 9069
0 1 9070
0 1 9072
0 1 9075
0 1 9076
0 1 9078
0 1 9079
0 1 9081
0 1 9087
0 1 9089
0 1 9092
0 1 9093
0 1 9095
0 1 9097
0 1 9106
0 1 9107
0 1 9108
0 1 9109
0 1 9111
0 1 9113
0 1 9114
0 1 9117
0 1 9120
0 1 9123
0 1 9127
0 1 9129
0 1 9131
0 1 9135
0 1 9137
0 1 9138
0 1 9139
0 1 9143
0 1 9145
0 1 9148
0 1 9152
0 1 9155
0 1 9158
0 1 9164
0 1 9167
0 1 9168
0 1 9169
0 1 9170
0 1 9171
0 1 9173
0 1 9174
0 1 9176
0 1 9177
0 1 9178
0 1 9180
0 1 9183
0 1 9186
0 1 9187
0 1 9190
0 1 9192
0 1 9195
0 1 9197
0 1 9198
0 1 9199
0 1 9202
0 1 9204
0 1 9205
0 1 9207
0 1 9211
0 1 9216
0 1 9217
0 1 9222
0 1 9223
0 1 9224
0 1 9227
0 1 9228
0 1 9230
0 1 9237
0 1 9243
0 1 9245
0 1 9246
0 1 9249
0 1 9250
0 1 9255
0 1 9262
0 1 9263
0 1 9264
0 1 9268
0 1 9271
0 1 9273
0 1 9274
0 1 9275
0 1 9277
0 1 9279
0 1 9281
0 1 9287
0 1 9289
0 1 9291
0 1 9295
0 1 9297
0 1 9298
0 1 9299
0 1 9303
0 1 9304
0 1 9305
0 1 9306
0 1 9308
0 1 9309
0 1 9311
0 1 9313
0 1 9315
0 1 9316
0 1 9317
0 1 9320
0 1 9321
0 1 9322
0 1 9323
0 1 9324
0 1 9326
0 1 9327
0 1 9329
0 1 9331
0 1 9333
0 1 9334
0 1 9336
0 1 9337
0 1 9339
0 1 9345
0 1 9349
0 1 9351
0 1 9353
0 1 9356
0 1 9357
0 1 9358
0 1 9359
0 1 9363
0 1 9367
0 1 9368
0 1 9369
0 1 9370
0 1 9371
0 1 9373
0 1 9376
0 1 9377
0 1 9380
0 1 9381
0 1 9382
0 1 9384
0 1 9386
0 1 9388
0 1 9391
0 1 9392
0 1 9399
0 1 9402
0 1 9403
0 1 9406
0 1 9412
0 1 9414
0 1 9415
0 1 9416
0 1 9417
0 1 9423
0 1 9432
0 1 9437
0 1 9438
0 1 9440
0 1 9444
0 1 9448
0 1 9451
0 1 9454
0 1 9455
0 1 9456
0 1 9458
0 1 9461
0 1 9462
0 1 9464
0 1 9466
0 1 9467
0 1 9470
0 1 9474
0 1 9475
0 1 9476
0 1 9477
0 1 9482
0 1 9485
0 1 9487
0 1 9490
0 1 9491
0 1 9493
0 1 9494
0 1 9495
0 1 9498
0 1 9500
0 1 9501
0 1 9503
0 1 9504
0 1 9505
0 1 9506
0 1 9513
0 1 9514
0 1 9516
0 1 9517
0 1 9520
0 1 9521
0 1 9522
0 1 9524
0 1 9527
0 1 9528
0 1 9532
0 1 9539
0 1 9541
0 1 9542
0 1 9544
0 1 9548
0 1 9554
0 1 9556
0 1 9566
0 1 9567
0 1 9571
0 1 9574
0 1 9576
0 1 9585
0 1 9588
0 1 9590
0 1 9594
0 1 9595
0 1 9597
0 1 9599
0 1 9600
0 1 9602
0 1 9609
0 1 9610
0 1 9612
0 1 9615
0 1 9618
0 1 9619
0 1 9620
0 1 9621
0 1 9622
0 1 9626
0 1 9628
0 1 9630
0 1 9634
0 1 9635
0 1 9640
0 1 9641
0 1 9642
0 1 9648
0 1 9649
0 1 9651
0 1 9654
0 1 9655
0 1 9656
0 1 9657
0 1 9661
0 1 9663
0 1 9664
0 1 9671
0 1 9673
0 1 9677
0 1 9680
0 1 9681
0 1 9683
0 1 9684
0 1 9685
0 1 9686
0 1 9687
0 1 9691
0 1 9696
0 1 9701
0 1 9706
0 1 9708
0 1 9709
0 1 9711
0 1 9712
0 1 9713
0 1 9715
0 1 9717
0 1 9719
0 1 9721
0 1 9722
0 1 9723
0 1 9725
0 1 9726
0 1 9727
0 1 9729
0 1 9731
0 1 9732
0 1 9734
0 1 9735
0 1 9737
0 1 9741
0 1 9742
0 1 9746
0 1 9748
0 1 9750
0 1 9752
0 1 9753
0 1 9755
0 1 9757
0 1 9759
0 1 9760
0 1 9762
0 1 9767
0 1 9768
0 1 9772
0 1 9777
0 1 9780
0 1 9783
0 1 9785
0 1 9790
0 1 9794
0 1 9795
0 1 9796
0 1 9797
0 1 9802
0 1 9803
0 1 9804
0 1 9805
0 1 9808
0 1 9809
0 1 9812
0 1 9813
0 1 9822
0 1 9824
0 1 9827
0 1 9828
0 1 9830
0 1 9832
0 1 9833
0 1 9834
0 1 9837
0 1 9840
0 1 9843
0 1 9850
0 1 9852
0 1 9853
0 1 9854
0 1 9856
0 1 9857
0 1 9861
0 1 9862
0 1 9867
0 1 9869
0 1 9875
0 1 9876
0 1 9880
0 1 9882
0 1 9887
0 1 9888
0 1 9889
0 1 9890
0 1 9891
0 1 9894
0 1 9896
0 1 9897
0 1 9898
0 1 9899
0 1 9902
0 1 9905
0 1 9909
0 1 9910
0 1 9911
0 1 9912
0 1 9913
0 1 9916
0 1 9917
0 1 9920
0 1 9921
0 1 9924
0 1 9925
0 1 9928
0 1 9933
0 1 9940
0 1 9944
0 1 9946
0 1 9948
0 1 9949
0 1 9950
0 1 9954
0 1 9961
0 1 9963
0 1 9966
0 1 9967
0 1 9969
0 1 9973
0 1 9974
0 1 9975
0 1 9977
0 1 9979
0 1 9983
0 1 9984
0 1 9986
0 1 9989
0 1 9990
0 1 9992
0 1 9993
0 1 9994
0 1 9995
0 1 9996
